     0/599        0G   0.08884   0.03102   0.05627    0.1761        14       640         0         0         0         0   0.05167   0.02046    0.0357
     1/599        0G   0.07556    0.0307   0.05361    0.1599         6       640         0         0         0         0   0.04637   0.01918   0.03559
     2/599        0G     0.068   0.03082   0.05316     0.152         7       640 0.0004057   0.03388 7.777e-05 1.272e-05   0.04626   0.01817   0.03633
     3/599        0G   0.06403   0.02981   0.05239    0.1462         7       640 0.0005345   0.08307 9.814e-05 2.184e-05   0.05187   0.02557   0.05417
     4/599        0G   0.06091   0.02883   0.05023      0.14        14       640 0.0005637    0.0756 0.0001242  2.06e-05   0.04754   0.01752   0.04256
     5/599        0G   0.06527   0.03042   0.05424    0.1499        16       640 0.0006034   0.08151 0.0001513 3.301e-05   0.04753   0.01644    0.0448
     6/599        0G   0.06182   0.02959   0.05276    0.1442        12       640 0.0002991   0.01007 1.771e-05 2.948e-06   0.03987   0.02003   0.04188
     7/599        0G   0.06168   0.02771   0.05249    0.1419        12       640 0.0005645   0.01176 4.766e-05 1.076e-05   0.03868   0.02347   0.03999
     8/599        0G   0.06467   0.02931    0.0528    0.1468        11       640 0.0002065  0.005682 9.905e-06 9.905e-07   0.03743   0.01665   0.03755
     9/599        0G   0.06268    0.0303   0.05309    0.1461        11       640 0.0008568   0.09371 0.0002457 5.509e-05   0.03643   0.01571   0.03502
    10/599        0G   0.05937   0.02792   0.05166     0.139        11       640 0.0009698   0.08106 0.0003471 5.949e-05   0.03559   0.01581   0.03523
    11/599        0G   0.05727   0.02789   0.04993    0.1351        14       640  0.001519   0.09343 0.0006378 9.713e-05    0.0351   0.01602   0.03495
    12/599        0G     0.058   0.03116   0.05181     0.141         9       640    0.3436  0.002778  0.001341   0.00032   0.03432   0.01573   0.03438
    13/599        0G     0.057   0.02875   0.05026     0.136        13       640  0.002154   0.01651 0.0007309 0.0001082   0.03596   0.01525   0.03392
    14/599        0G   0.05409   0.02953   0.04954    0.1332         6       640   0.09021  0.006566  0.001788 0.0003852   0.03462    0.0156   0.03393
    15/599        0G   0.05634   0.02937   0.04976    0.1355        10       640  0.003088    0.0149  0.001477 0.0002381   0.03609   0.01518   0.03337
    16/599        0G   0.05563   0.02849   0.04945    0.1336        12       640    0.5053  0.008333  0.003383  0.000463   0.03372    0.0157   0.03335
    17/599        0G   0.05685    0.0305   0.05101    0.1384        10       640  0.003069    0.3939  0.002771 0.0005094   0.03454   0.01517    0.0335
    18/599        0G   0.05759    0.0291   0.05138    0.1381         8       640  0.005185    0.1399   0.00364 0.0005639   0.03481   0.01483   0.03347
    19/599        0G   0.05578    0.0298   0.05069    0.1363        11       640   0.02095     0.111   0.00722  0.001603   0.03349   0.01508   0.03315
    20/599        0G   0.05478   0.02818   0.04795    0.1309        10       640    0.1052    0.2442   0.02227  0.003087   0.03385   0.01488    0.0328
    21/599        0G   0.05537   0.02829   0.04922    0.1329        12       640  0.007341   0.07863  0.003482 0.0005501   0.03882   0.01324   0.03325
    22/599        0G   0.05166   0.02749   0.04688     0.126        13       640    0.0162    0.1503  0.006991  0.001202   0.03519   0.01432   0.03292
    23/599        0G   0.05278     0.028   0.04838    0.1292        16       640   0.03495    0.2597   0.03685  0.006218   0.03299   0.01493   0.03295
    24/599        0G   0.05576   0.02803   0.05012    0.1339         9       640    0.1596    0.1703   0.02136  0.005711   0.03246   0.01483   0.03296
    25/599        0G   0.05159   0.02679   0.04566     0.124         8       640   0.09577     0.385   0.02023  0.005725   0.03105   0.01499   0.03291
    26/599        0G   0.05504   0.02837   0.04883    0.1322        10       640    0.2884   0.07258   0.01424  0.002924    0.0324   0.01471   0.03248
    27/599        0G    0.0555   0.02794   0.04889    0.1323        13       640    0.1907   0.06726  0.007891  0.002548   0.03463   0.01398   0.03228
    28/599        0G   0.05271   0.02614   0.04754    0.1264        13       640    0.1064    0.2511   0.02186  0.005338   0.03086    0.0143   0.03234
    29/599        0G   0.05286   0.02752    0.0475    0.1279        11       640    0.7835    0.0199   0.01991  0.005232   0.03492   0.01322   0.03148
    30/599        0G   0.05183   0.02991   0.04792    0.1297        12       640    0.1117    0.1762   0.02722  0.005662   0.03234   0.01367   0.03137
    31/599        0G    0.0526   0.02731    0.0484    0.1283        12       640    0.1171    0.2083   0.02273  0.006738   0.03188    0.0139   0.03157
    32/599        0G   0.05186   0.02753   0.04672    0.1261        12       640    0.1208    0.1309   0.02231  0.005892   0.02978   0.01443   0.03116
    33/599        0G   0.05118   0.02818   0.04715    0.1265         9       640     0.102    0.2077    0.0259  0.005347   0.03064   0.01412   0.03075
    34/599        0G   0.04585   0.02646    0.0436    0.1159        12       640   0.09818    0.2041   0.02015  0.004617   0.03056   0.01428   0.03052
    35/599        0G   0.05247   0.02717   0.04775    0.1274        12       640   0.09859    0.2303   0.01682  0.004072    0.0294   0.01428   0.03158
    36/599        0G   0.04921   0.02799   0.04868    0.1259        10       640    0.2168    0.1536   0.02662  0.007154   0.02893   0.01398   0.03067
    37/599        0G   0.04798   0.02684   0.04719     0.122        13       640    0.1078    0.3597   0.03375  0.007777   0.03018   0.01365   0.03068
    38/599        0G   0.05026   0.02603   0.04602    0.1223         8       640    0.1233    0.1868   0.03389  0.009555   0.03073   0.01307   0.03063
    39/599        0G   0.04808    0.0282   0.04623    0.1225        10       640    0.2733   0.07653   0.02638  0.006524   0.03042   0.01308    0.0287
    40/599        0G   0.04837   0.02656   0.04707     0.122        14       640    0.2105   0.08878   0.03196  0.009005   0.02878   0.01344   0.02935
    41/599        0G   0.05139    0.0286   0.04796     0.128         7       640     0.202    0.1868   0.04793    0.0172   0.02918   0.01418   0.02928
    42/599        0G   0.04776   0.02734   0.04726    0.1224        10       640    0.1333    0.1848    0.0318  0.008641   0.02927   0.01404    0.0308
    43/599        0G   0.04632   0.02761   0.04715    0.1211        10       640    0.1265    0.3338   0.05391   0.01588   0.02822   0.01365   0.02918
    44/599        0G   0.04641   0.02731   0.04551    0.1192        11       640    0.2135    0.2495   0.06151   0.01927   0.02748   0.01388   0.02895
    45/599        0G   0.04441   0.02797   0.04593    0.1183        12       640    0.2347    0.3095   0.06664   0.02249   0.02677   0.01335   0.02908
    46/599        0G   0.04503   0.02573   0.04549    0.1162        18       640    0.1395    0.3375   0.06946   0.02516   0.02637   0.01301    0.0278
    47/599        0G   0.04693   0.02683   0.04748    0.1212        12       640    0.1163    0.2024   0.03348  0.007773   0.03274   0.01403    0.0288
    48/599        0G    0.0469   0.02662   0.04787    0.1214        11       640    0.2212    0.2029   0.05632   0.02044   0.02748   0.01339   0.02803
    49/599        0G   0.04611   0.02718   0.04624    0.1195        11       640    0.1466    0.2725   0.06548   0.02009   0.02708   0.01326    0.0305
    50/599        0G   0.04816   0.02748   0.04743    0.1231        13       640    0.2175    0.1423   0.04134    0.0118   0.03316   0.01272   0.02978
    51/599        0G   0.04108   0.02503   0.04262    0.1087        10       640    0.1749    0.3888   0.08886   0.02732   0.02715   0.01326   0.02864
    52/599        0G   0.04176   0.02626   0.04371    0.1117        10       640    0.2463    0.2056   0.09299   0.03567   0.02676   0.01318   0.02785
    53/599        0G   0.04627   0.02568   0.04636    0.1183         9       640    0.2419    0.1735   0.08549   0.03261   0.02635   0.01304   0.02838
    54/599        0G   0.04173   0.02534   0.04339    0.1105         9       640    0.2488    0.2761    0.1158   0.05024   0.02491   0.01348   0.02839
    55/599        0G   0.04357   0.02596    0.0455     0.115        11       640    0.1423    0.2202   0.07153   0.02797   0.02732   0.01235   0.02798
    56/599        0G   0.04358   0.02656   0.04495    0.1151         7       640    0.1532    0.2655   0.07414   0.02785   0.02533    0.0128   0.02768
    57/599        0G   0.04105   0.02596   0.04413    0.1111         6       640    0.1573     0.288   0.07636   0.03188   0.02627   0.01299   0.02959
    58/599        0G   0.04405   0.02821   0.04529    0.1176        18       640    0.1375    0.3753   0.08489   0.03669   0.02506   0.01243   0.02653
    59/599        0G   0.04222   0.02689   0.04429    0.1134        14       640    0.2432    0.1978   0.08778   0.03943   0.02672    0.0129   0.02639
    60/599        0G   0.04136   0.02525   0.04446    0.1111        11       640    0.4615    0.1602    0.1043   0.04617   0.02516   0.01267   0.02654
    61/599        0G   0.03908   0.02418    0.0426    0.1059        13       640    0.1848    0.3126    0.1161   0.04991    0.0237   0.01228   0.02645
    62/599        0G   0.03917   0.02574   0.04371    0.1086        13       640    0.3175    0.2573    0.1034   0.04426   0.02557   0.01205   0.02639
    63/599        0G   0.04031   0.02696   0.04362    0.1109        13       640    0.3198      0.22    0.1061   0.04026   0.02497   0.01217   0.02578
    64/599        0G   0.04043   0.02473   0.04283     0.108         6       640    0.2596     0.227    0.1027   0.04414   0.02426   0.01274   0.02721
    65/599        0G   0.04292   0.02656   0.04577    0.1153        22       640     0.183    0.1878    0.0705   0.02969   0.02558   0.01228   0.02815
    66/599        0G   0.03766   0.02343   0.04279    0.1039        10       640    0.2809    0.2129    0.1159   0.04722   0.02365   0.01167   0.02495
    67/599        0G   0.03868     0.025    0.0432    0.1069        11       640    0.2455    0.2107    0.1051   0.04801   0.02386   0.01185   0.02517
    68/599        0G   0.03831   0.02537   0.04242    0.1061        14       640     0.187     0.276    0.1235   0.05513   0.02355   0.01233   0.02426
    69/599        0G   0.03823   0.02617   0.04405    0.1084         8       640    0.2848     0.289    0.1489   0.07312   0.02218   0.01224   0.02415
    70/599        0G   0.03928   0.02556    0.0429    0.1077         7       640    0.1705    0.4145    0.1325   0.06179   0.02226   0.01151   0.02523
    71/599        0G   0.03862   0.02556   0.04298    0.1072        17       640    0.1648    0.3506    0.1237   0.05824     0.024   0.01114   0.02398
    72/599        0G   0.03887   0.02427    0.0431    0.1062        14       640    0.1783    0.3158    0.1306   0.06574   0.02238     0.011   0.02491
    73/599        0G   0.03388   0.02411   0.04088   0.09887        14       640    0.1724    0.2375    0.1242   0.05593    0.0237   0.01104   0.02568
    74/599        0G   0.03687    0.0247   0.04114    0.1027         7       640    0.3354    0.2412    0.1596   0.07119   0.02281   0.01113   0.02351
    75/599        0G   0.03656    0.0242   0.04074    0.1015        14       640     0.285    0.1926    0.1129   0.05387   0.02565   0.01095   0.02569
    76/599        0G   0.03871   0.02356   0.04228    0.1045        13       640    0.1812    0.3244   0.09626   0.03996   0.02525    0.0112   0.02822
    77/599        0G   0.03554   0.02484   0.03961       0.1        11       640    0.1991    0.3077    0.1638    0.0846   0.02082   0.01112   0.02314
    78/599        0G   0.03321    0.0233   0.03947   0.09599         9       640    0.1698    0.3804    0.1166   0.04999   0.02342   0.01157   0.03006
    79/599        0G   0.03856   0.02344   0.04163    0.1036         9       640    0.1829    0.5193    0.1653    0.0773   0.02192   0.01115   0.02335
    80/599        0G   0.03481   0.02443   0.03896    0.0982        17       640    0.5105    0.1904    0.1684   0.07783   0.02119   0.01088   0.02307
    81/599        0G   0.03853   0.02456   0.04105    0.1041        12       640    0.2214    0.2423    0.1536   0.07411   0.02175   0.01101   0.02344
    82/599        0G   0.03576   0.02351   0.04126    0.1005        13       640    0.2247    0.3084    0.1926    0.1006   0.02106    0.0108   0.02282
    83/599        0G   0.03642   0.02375   0.04152    0.1017         8       640    0.3172    0.2849    0.1905   0.09726   0.02147   0.01073   0.02292
    84/599        0G   0.03644   0.02329   0.04052    0.1002        10       640    0.3031    0.3036    0.1907    0.0938   0.02261   0.01047   0.02322
    85/599        0G   0.03289   0.02064   0.03746   0.09099        11       640    0.3232    0.2613    0.1748   0.08178   0.02126   0.01077   0.02557
    86/599        0G   0.03569   0.02367   0.04125    0.1006        11       640    0.3169    0.3706    0.1959   0.09049   0.02215   0.01037   0.02134
    87/599        0G   0.03446   0.02321   0.03921   0.09688         7       640     0.331    0.3522    0.2191    0.1142   0.02011   0.01059   0.02118
    88/599        0G   0.03663    0.0232   0.03999   0.09982        11       640    0.4052    0.3361    0.2068    0.1006   0.02271   0.01061   0.02167
    89/599        0G   0.03433   0.02183   0.03853   0.09469         8       640    0.2563    0.3159    0.2193    0.1034   0.02119   0.01023   0.02108
    90/599        0G   0.03694   0.02308   0.03841   0.09843        12       640    0.4382    0.2513    0.2127    0.1054   0.02095   0.01008   0.02084
    91/599        0G   0.03302   0.02114   0.03765   0.09181         9       640    0.1852    0.5286    0.2148    0.1082   0.02037   0.01015   0.02066
    92/599        0G   0.03564   0.02247   0.03977   0.09788         9       640    0.1906    0.4057    0.1839   0.07834   0.02368   0.01051   0.02161
    93/599        0G   0.03401   0.02336   0.03699   0.09436        13       640    0.2379    0.4374    0.2324    0.1159   0.02028   0.01005   0.01991
    94/599        0G   0.03407   0.02235   0.03779   0.09421        10       640    0.3486    0.3271    0.2094   0.09714   0.02078   0.00977   0.02019
    95/599        0G   0.03417   0.02219   0.03815   0.09451        11       640    0.4107     0.351    0.2251    0.1163   0.01952  0.009752   0.02041
    96/599        0G   0.03349   0.02162   0.03767   0.09278        12       640    0.4615    0.3694    0.2437    0.1174   0.02066   0.00988   0.02038
    97/599        0G   0.03626   0.02312   0.03946   0.09883        13       640    0.4023    0.4027     0.232    0.1085   0.02177      0.01   0.01961
    98/599        0G   0.03533   0.02376   0.03816   0.09724        11       640     0.517    0.3556    0.2803    0.1266   0.02147  0.009654   0.01932
    99/599        0G   0.03345    0.0211   0.03643   0.09097         9       640    0.2024    0.5176    0.2455    0.1108   0.02072  0.009814   0.01891
   100/599        0G   0.03538   0.02273   0.03844   0.09656        13       640    0.2478    0.4118    0.2655    0.1226    0.0194  0.009636   0.01873
   101/599        0G   0.03598   0.02392   0.03852   0.09842        12       640     0.244    0.3766    0.2804     0.136   0.01951   0.00972   0.01864
   102/599        0G   0.03395   0.02311   0.03718   0.09424         9       640    0.2663    0.4716    0.2621    0.1314   0.01924  0.009638   0.01896
   103/599        0G   0.03682   0.02356    0.0374   0.09777         9       640    0.2797    0.3395    0.2305    0.1252    0.0195  0.009707   0.01926
   104/599        0G   0.03506   0.02178   0.03613   0.09297        10       640    0.4101    0.3869    0.2578    0.1258   0.01993   0.01017   0.01901
   105/599        0G   0.03591   0.02375   0.03715    0.0968        13       640    0.2224    0.5018    0.2552    0.1349   0.02017  0.009923   0.02003
   106/599        0G   0.03353   0.02231   0.03668   0.09252        10       640    0.4274    0.3637    0.2369    0.1179    0.0207  0.009556   0.01926
   107/599        0G   0.03481    0.0226   0.03675   0.09417        15       640    0.4087    0.3414    0.2442    0.1082   0.02223  0.009824    0.0189
   108/599        0G   0.03768   0.02494    0.0374       0.1        12       640    0.4408    0.3124    0.2823    0.1479   0.01909   0.01004   0.01815
   109/599        0G   0.03663   0.02182   0.03836   0.09681        14       640    0.4201    0.4451    0.2743    0.1502   0.01946  0.009774      0.02
   110/599        0G   0.03398   0.02204    0.0394   0.09542         9       640    0.3778    0.4486    0.3028      0.16   0.01997  0.009698   0.01883
   111/599        0G   0.03145   0.02184   0.03406   0.08734        10       640    0.5536     0.366     0.325    0.1669   0.02038  0.009591   0.01821
   112/599        0G   0.03486   0.02307   0.03592   0.09384        15       640    0.2243    0.5077    0.2996    0.1519   0.02014  0.009748   0.01799
   113/599        0G   0.03524   0.02224   0.03627   0.09375        12       640     0.481    0.3846    0.3001    0.1487   0.01999  0.009631   0.01826
   114/599        0G   0.03497    0.0227   0.03559   0.09327         6       640    0.3293    0.4041    0.3225    0.1678   0.02009  0.009332   0.01816
   115/599        0G   0.03514   0.02177   0.03549   0.09241        17       640    0.5215    0.2793    0.2856     0.152   0.01962  0.009494   0.01847
   116/599        0G   0.03311   0.02193   0.03587   0.09091        13       640    0.5044    0.3065    0.3034    0.1696   0.01936  0.009279   0.01719
   117/599        0G   0.03123   0.02245   0.03416   0.08783         8       640     0.412    0.3538    0.2921    0.1501   0.01892  0.009339   0.01712
   118/599        0G   0.03148   0.02151   0.03469   0.08768        14       640    0.2949    0.3839    0.2826    0.1516   0.01942  0.009517   0.01776
   119/599        0G   0.03289   0.02235   0.03288   0.08813        11       640    0.4013    0.3662    0.3002     0.159   0.01946   0.00949   0.01728
   120/599        0G   0.03199   0.02208   0.03612   0.09019         8       640    0.5889    0.3874    0.3794    0.2086   0.01893   0.00923   0.01615
   121/599        0G   0.03058   0.02226   0.03429   0.08712         6       640    0.5639    0.3488    0.3644    0.1872   0.01929  0.009631   0.01617
   122/599        0G   0.03107   0.02083   0.03308   0.08497        13       640    0.5082    0.4572    0.3934    0.2011   0.01898  0.009318   0.01632
   123/599        0G   0.03236   0.02232   0.03504   0.08973         9       640    0.4492    0.4872    0.3523    0.1671   0.01981  0.009544   0.01712
   124/599        0G   0.03297    0.0225    0.0345   0.08997        11       640    0.3642    0.4674    0.4083    0.2247   0.01926  0.009084   0.01601
   125/599        0G   0.03224   0.02049   0.03247    0.0852        13       640    0.4052    0.3848    0.3684    0.1868   0.02068  0.008943   0.01624
   126/599        0G   0.02973    0.0215   0.03218    0.0834        10       640    0.5463    0.3276    0.3359    0.1764   0.02012  0.009003   0.01659
   127/599        0G   0.03265   0.02156    0.0347   0.08891        15       640    0.2624    0.5908    0.4068    0.2073   0.01988  0.008819   0.01584
   128/599        0G   0.03296   0.02212    0.0338   0.08887        11       640    0.5339    0.3877    0.3855    0.1929   0.01881  0.008922   0.01549
   129/599        0G   0.03289   0.02221   0.03325   0.08836        15       640     0.525    0.3981    0.3834    0.2051   0.01831  0.009019   0.01563
   130/599        0G   0.03174   0.02188   0.03337   0.08699         9       640    0.6259    0.3547    0.4257    0.2388   0.01802  0.008782   0.01488
   131/599        0G   0.03255   0.02188    0.0328   0.08723         8       640    0.6471    0.3099    0.3928    0.2226   0.01799  0.008896   0.01589
   132/599        0G   0.03367   0.02183   0.03247   0.08797         8       640    0.3593    0.4855    0.3935     0.213   0.01891  0.009442   0.01597
   133/599        0G   0.03235   0.02232   0.03348   0.08815        14       640    0.5581    0.3578     0.418    0.2272   0.01787   0.00897   0.01432
   134/599        0G   0.02905   0.02097   0.03181   0.08182         9       640    0.4434    0.3691    0.3506    0.1831   0.01922  0.009343   0.01465
   135/599        0G   0.03415   0.02339   0.03371   0.09125        14       640    0.4979    0.4176    0.4113    0.2223   0.01835   0.00889   0.01351
   136/599        0G     0.032   0.02127   0.03268   0.08594         8       640    0.3322    0.5319    0.4172    0.2209   0.01804  0.008899   0.01454
   137/599        0G   0.03292   0.02131   0.03375   0.08798        10       640    0.5185    0.4447    0.4332    0.2199   0.01714  0.009025   0.01454
   138/599        0G   0.03032   0.01889   0.03209    0.0813        12       640    0.5413    0.4606    0.4422    0.2215   0.01773  0.008527    0.0146
   139/599        0G   0.03202   0.02067   0.03227   0.08497        12       640    0.5268    0.4375    0.4524    0.2367    0.0172  0.008767   0.01348
   140/599        0G   0.03015   0.02046   0.02998    0.0806        13       640    0.5407    0.4002     0.418    0.2196    0.0192   0.00863   0.01361
   141/599        0G   0.03026   0.02102   0.03217   0.08345         9       640    0.4816    0.4751    0.4486    0.2206   0.01783  0.008914   0.01394
   142/599        0G   0.03215   0.02131   0.03101   0.08448        10       640    0.5409    0.4215    0.4521    0.2254   0.01777  0.008753   0.01295
   143/599        0G   0.03094   0.01915   0.02976   0.07985        12       640    0.3929    0.5807    0.4892    0.2549   0.01763   0.00859   0.01277
   144/599        0G   0.03045   0.01972   0.03021   0.08038        13       640    0.2604    0.6011    0.4135    0.2169   0.01922    0.0089   0.01443
   145/599        0G   0.03059   0.02045   0.03023   0.08127        13       640    0.3396    0.5995    0.4924    0.2638   0.01872  0.008506   0.01286
   146/599        0G   0.03314   0.02284   0.03147   0.08746         7       640     0.461    0.5454    0.4865     0.263   0.01736  0.008269   0.01292
   147/599        0G   0.03195   0.02111   0.03001   0.08307        14       640    0.4522    0.5444    0.5023    0.2772   0.01767  0.008313   0.01219
   148/599        0G   0.02958     0.021    0.0309   0.08149        10       640    0.5263    0.5253    0.4994    0.2648   0.01768  0.008503   0.01256
   149/599        0G   0.02985   0.01965   0.02929   0.07879         9       640    0.5765    0.4695    0.4949    0.2707   0.01844  0.008587   0.01297
   150/599        0G   0.03041   0.02027   0.03097   0.08165        10       640    0.5007    0.5293    0.4992    0.2741   0.01803  0.008714   0.01164
   151/599        0G   0.03099   0.02035   0.03073   0.08207        13       640    0.2917    0.6716    0.4909     0.281   0.01773  0.008235     0.012
   152/599        0G   0.03306   0.02047   0.03181   0.08534        10       640    0.3401    0.6239    0.4959    0.2848   0.01747  0.008136    0.0124
   153/599        0G   0.03304      0.02    0.0312   0.08424        12       640    0.3696    0.6468    0.5135    0.2944     0.018  0.008217   0.01276
   154/599        0G   0.02968   0.02041   0.03008   0.08017        10       640    0.3254     0.643    0.5075    0.2932   0.01854  0.008606   0.01146
   155/599        0G   0.03155   0.02099   0.03102   0.08357        11       640    0.5004    0.5138    0.4936    0.2615   0.01834  0.008439    0.0117
   156/599        0G   0.03031   0.01965   0.03006   0.08002        14       640    0.4258    0.5783    0.5408    0.2772   0.01809    0.0084   0.01233
   157/599        0G   0.03303   0.01965   0.03002    0.0827        10       640    0.4554    0.5551    0.5378    0.2714   0.01923  0.008125   0.01118
   158/599        0G    0.0322   0.02098   0.02855   0.08173         9       640    0.5608    0.5536    0.5565    0.3113   0.01656  0.008785   0.01258
   159/599        0G   0.02847   0.01953   0.02984   0.07785        14       640    0.5587    0.5508    0.5634     0.325   0.01726  0.008367    0.0114
   160/599        0G   0.02856   0.01966   0.02956   0.07779        10       640    0.3755    0.6247    0.5313    0.2992   0.01748  0.008474   0.01161
   161/599        0G   0.02817   0.02074    0.0286   0.07751        10       640    0.5992    0.4487    0.5195    0.2715   0.01789  0.008429   0.01163
   162/599        0G   0.03137   0.02135   0.02993   0.08265         7       640    0.5958    0.4459    0.5096     0.269   0.01809  0.008547   0.01263
   163/599        0G   0.02779   0.02022   0.02886   0.07687        14       640    0.5987    0.5492    0.5678    0.3278   0.01718  0.008046   0.01083
   164/599        0G   0.02968   0.01986   0.02998   0.07952        14       640    0.5959    0.4781    0.5509    0.3076   0.01746  0.007945   0.01064
   165/599        0G   0.03224   0.02019   0.02869   0.08113        15       640    0.6365    0.4668    0.5561    0.3085   0.01802  0.008049   0.01137
   166/599        0G   0.03051   0.02017   0.02962   0.08031         9       640    0.5663     0.482    0.5174    0.2941   0.01769  0.007959   0.01263
   167/599        0G   0.02854   0.01986   0.02912   0.07753        11       640    0.5116    0.5597    0.5452    0.3025   0.01712  0.007986   0.01115
   168/599        0G   0.03096   0.02066   0.02875   0.08037        14       640    0.6141    0.5065    0.5565     0.314   0.01707  0.007949   0.01021
   169/599        0G   0.02844   0.02133   0.02735   0.07711        12       640    0.5547    0.5321    0.5423    0.3161   0.01665  0.008233   0.01021
   170/599        0G   0.02956   0.02042   0.03009   0.08007        10       640    0.5242     0.584    0.5604    0.3147   0.01732  0.008413   0.01017
   171/599        0G   0.02689   0.01846   0.02597   0.07132         8       640    0.4998    0.5519    0.5447     0.301   0.01725  0.008194   0.01025
   172/599        0G   0.03067   0.01917   0.02762   0.07746        13       640    0.6053    0.5282    0.6199    0.3385   0.01656  0.008098   0.01001
   173/599        0G   0.03042   0.02057   0.02869   0.07967        12       640    0.5215    0.6275    0.5831    0.3164   0.01802  0.008066   0.01066
   174/599        0G   0.03111   0.02041   0.02633   0.07784        14       640    0.5021    0.5953    0.5552    0.2813   0.01913  0.008195   0.01104
   175/599        0G   0.03211   0.02033   0.02693   0.07937        10       640    0.4836    0.6499     0.597    0.3272   0.01592   0.00817  0.009058
   176/599        0G   0.03173   0.02094   0.02956   0.08223        11       640    0.6028    0.5445    0.5876    0.3234   0.01598  0.008247  0.009101
   177/599        0G    0.0311   0.01917   0.02756   0.07784         9       640    0.5973     0.568    0.5906    0.3213   0.01751  0.007879  0.008745
   178/599        0G   0.03242   0.01986   0.02652   0.07879        13       640    0.5392     0.503    0.4871    0.2751   0.01871  0.008572   0.01143
   179/599        0G   0.02919   0.01859   0.02697   0.07475         6       640    0.5508    0.5877    0.5583    0.3138   0.01668  0.008019  0.009856
   180/599        0G   0.03165   0.01961   0.02646   0.07772        12       640    0.5302    0.5947    0.5554    0.2973   0.01706  0.008152  0.009874
   181/599        0G   0.02818   0.02063   0.02474   0.07355        13       640    0.5143    0.5972    0.5801    0.3277   0.01645  0.008112  0.008971
   182/599        0G   0.02997   0.01859   0.02698   0.07554         8       640     0.579    0.5836    0.6083    0.3377   0.01719  0.007866  0.008609
   183/599        0G   0.02938     0.019   0.02772    0.0761        11       640    0.5482     0.632    0.6123    0.3552   0.01597  0.007839  0.008529
   184/599        0G   0.03092   0.02019   0.02803   0.07914        11       640    0.7244    0.5092    0.6207     0.349   0.01619  0.007657  0.008914
   185/599        0G   0.03075   0.02075   0.02914   0.08064        16       640    0.6306    0.5498    0.6233    0.3672   0.01668  0.007752  0.008733
   186/599        0G   0.03035   0.01916   0.02647   0.07598        10       640    0.6034    0.6023    0.6568    0.3824    0.0151  0.007662  0.008832
   187/599        0G   0.03117   0.02052   0.02502   0.07671        14       640    0.5462    0.5745    0.6025    0.3477   0.01635  0.007794   0.00912
   188/599        0G   0.03096   0.01948   0.02465   0.07509        15       640    0.5875    0.6181    0.6569    0.3747   0.01621  0.007773  0.008871
   189/599        0G   0.03043   0.02024   0.02507   0.07573        13       640    0.6118    0.6465    0.6462    0.3661   0.01706  0.007729  0.008348
   190/599        0G   0.02904   0.01835   0.02638   0.07377         8       640    0.5567    0.6348    0.6154    0.3379    0.0174  0.008036  0.007958
   191/599        0G   0.02848   0.01961     0.024   0.07209         8       640    0.5798    0.6013    0.6095    0.3563   0.01686  0.008289  0.008179
   192/599        0G   0.03077   0.02001   0.02729   0.07806        11       640    0.5543    0.5905    0.5785    0.3325   0.01694  0.008069  0.008156
   193/599        0G   0.03101   0.02092   0.02657   0.07851        13       640    0.6974     0.562    0.6626    0.3953   0.01591   0.00774  0.008102
   194/599        0G   0.02845   0.01948   0.02538   0.07331        10       640    0.6395    0.6269    0.6698    0.3787   0.01731  0.007537  0.008099
   195/599        0G   0.03217   0.02009   0.02618   0.07844         5       640    0.5886    0.6502    0.6882    0.3897   0.01669  0.007908  0.007971
   196/599        0G   0.02959   0.01941    0.0259    0.0749        14       640    0.6291    0.6488    0.6968    0.4072   0.01628  0.007897  0.007214
   197/599        0G   0.02816   0.01869   0.02662   0.07347         9       640    0.5788    0.6354    0.6337    0.3584   0.01642  0.008371  0.008704
   198/599        0G   0.02752   0.01749   0.02562   0.07063         9       640     0.577    0.5972    0.6233    0.3765   0.01569  0.007795  0.007815
   199/599        0G   0.02747   0.01979   0.02447   0.07173        13       640    0.5799    0.6343     0.619     0.363   0.01673  0.007681  0.008004
   200/599        0G   0.03066   0.01967    0.0249   0.07523        14       640    0.6602    0.6041    0.6504    0.3762   0.01684   0.00749  0.007326
   201/599        0G   0.02879   0.01942   0.02488   0.07309        15       640    0.5703    0.6687    0.6226     0.363   0.01728  0.007611   0.00791
   202/599        0G   0.03021   0.01924   0.02679   0.07624         8       640    0.5894    0.6641    0.6455    0.3686   0.01641  0.007553  0.007929
   203/599        0G   0.02906   0.01882   0.02736   0.07525        10       640    0.6523    0.6596    0.6778    0.3922   0.01607  0.007337  0.007541
   204/599        0G   0.02929   0.01929   0.02448   0.07307        10       640    0.6384    0.7153    0.7121    0.4241   0.01536  0.007436  0.007057
   205/599        0G   0.03022   0.02078   0.02446   0.07547        13       640    0.6203    0.6264    0.6711    0.3955   0.01568  0.007555  0.008062
   206/599        0G   0.02932   0.01885   0.02456   0.07274        18       640    0.6324    0.6277    0.6318    0.3817    0.0159  0.007643  0.007275
   207/599        0G   0.02941   0.01993   0.02525   0.07459        11       640    0.6417    0.6529    0.6857    0.4095   0.01518  0.007695  0.007103
   208/599        0G   0.02993   0.01806   0.02533   0.07332        11       640    0.6586    0.6163    0.6883    0.3968   0.01593  0.007453  0.007404
   209/599        0G   0.02753   0.01869   0.02401   0.07024        11       640    0.7077    0.5801    0.7026    0.4145   0.01539  0.007667  0.006861
   210/599        0G   0.03076   0.01905    0.0222   0.07201        16       640    0.7565    0.5738    0.7011    0.4165   0.01481  0.007887  0.006571
   211/599        0G   0.02871   0.01884   0.02321   0.07076         9       640    0.6384    0.6856    0.6916    0.4124   0.01693  0.007422  0.006589
   212/599        0G    0.0289   0.01881   0.02437   0.07207        14       640    0.7666    0.6166    0.7184    0.4327   0.01542  0.007198  0.006684
   213/599        0G   0.02891   0.01848   0.02357   0.07095         8       640      0.64    0.7202    0.7234    0.4161   0.01584  0.007363  0.006464
   214/599        0G   0.02838    0.0194   0.02317   0.07095        13       640    0.6693    0.6684    0.7058    0.4016   0.01689  0.007365   0.00626
   215/599        0G   0.02789   0.01903   0.02282   0.06974         7       640    0.6812    0.6652    0.7071    0.4109   0.01539  0.007487  0.006383
   216/599        0G   0.03006   0.01899   0.02305    0.0721         9       640    0.6839    0.6243    0.6905    0.4176   0.01644  0.007509  0.006542
   217/599        0G    0.0305   0.02003   0.02334   0.07387        16       640    0.6607    0.7217    0.7277    0.4524   0.01576  0.007262  0.006027
   218/599        0G   0.02944   0.01937   0.02218     0.071         9       640    0.6847    0.6568    0.7221    0.4266    0.0161  0.007052  0.006519
   219/599        0G   0.02746   0.01893   0.02291    0.0693        10       640    0.6492    0.7042    0.7132    0.4295   0.01511  0.007349  0.006692
   220/599        0G   0.02769   0.01909   0.02064   0.06741        13       640    0.7002    0.6452     0.718    0.4414    0.0149  0.007389  0.006371
   221/599        0G   0.02794   0.01813   0.02115   0.06722        10       640    0.7042    0.6614    0.7314    0.4564   0.01576  0.007226  0.005838
   222/599        0G   0.02781   0.01818   0.02315   0.06915        10       640     0.731    0.6802    0.7572    0.4751    0.0157  0.007279  0.005578
   223/599        0G   0.02929   0.01813   0.02042   0.06784        15       640    0.7001    0.6926    0.7583    0.4694   0.01581  0.007559  0.005486
   224/599        0G   0.03012   0.01909   0.02369   0.07289        13       640    0.6752    0.7115    0.7481    0.4916   0.01559  0.007508  0.005875
   225/599        0G   0.02886   0.01957   0.02201   0.07044        13       640    0.6482    0.7488    0.7509    0.4742   0.01611  0.007241  0.005747
   226/599        0G   0.02872   0.01841   0.02143   0.06857         9       640    0.6738    0.6941    0.7464    0.4458   0.01559  0.007282  0.005394
   227/599        0G   0.02857   0.01827   0.02442   0.07126        11       640    0.7321    0.6386    0.7476    0.4661   0.01477  0.007265  0.006284
   228/599        0G   0.02944   0.01914   0.02234   0.07093        13       640    0.7343    0.6155    0.7157    0.4398   0.01443  0.007186  0.006192
   229/599        0G     0.027   0.01791   0.02151   0.06643        12       640    0.7498    0.6514    0.7439    0.4737   0.01413  0.007201  0.005688
   230/599        0G   0.02739   0.01795   0.02249   0.06783        12       640    0.7417    0.5996    0.7286    0.4405   0.01552  0.007132  0.005048
   231/599        0G   0.03022   0.01903   0.02257   0.07182        11       640    0.6105     0.769    0.7311    0.4413   0.01569  0.007041  0.004844
   232/599        0G   0.02791   0.01804   0.02166    0.0676        12       640    0.6605    0.7075    0.7286    0.4442   0.01612  0.007075  0.005271
   233/599        0G   0.02879   0.01859   0.02222    0.0696         9       640    0.6449    0.7276    0.7336    0.4493   0.01622  0.006907  0.004982
   234/599        0G   0.02811   0.01838   0.02059   0.06708        11       640    0.6855    0.6581    0.7726    0.4691   0.01595  0.006926  0.004926
   235/599        0G   0.02727    0.0181   0.02211   0.06748        13       640    0.6158     0.731    0.7705    0.4774   0.01498   0.00731  0.005163
   236/599        0G   0.02932   0.01874   0.02122   0.06927        10       640    0.6765    0.6456    0.7319    0.4635   0.01562  0.007761   0.00459
   237/599        0G   0.02912   0.01843   0.02116   0.06872        10       640    0.6834    0.6719    0.7419    0.4631   0.01543  0.007125  0.005066
   238/599        0G   0.02793   0.01795   0.02078   0.06666         7       640     0.746    0.6721    0.7742    0.4674   0.01448  0.006953  0.005079
   239/599        0G   0.02995   0.01753   0.02077   0.06825        10       640     0.772    0.6965    0.7887     0.488   0.01436  0.006907   0.00522
   240/599        0G   0.02902   0.01831   0.02204   0.06938         9       640    0.7715     0.735    0.8094    0.5024   0.01502  0.006807  0.004774
   241/599        0G   0.02786   0.01873   0.02086   0.06744        11       640    0.7327    0.7282    0.7903    0.4988   0.01519  0.007118  0.004509
   242/599        0G   0.02856   0.01999   0.02189   0.07044         8       640    0.7524    0.7122    0.7702    0.4832   0.01505  0.007487  0.005026
   243/599        0G   0.02656   0.01788    0.0213   0.06573        13       640    0.7129    0.7264    0.8028    0.5101   0.01418  0.007282  0.004921
   244/599        0G   0.02865   0.01878   0.02013   0.06756        12       640     0.709    0.7407    0.8072    0.5073   0.01437  0.006905  0.004756
   245/599        0G   0.02856   0.01953   0.01958   0.06768        13       640    0.7325    0.7052    0.7731     0.492   0.01495  0.007035  0.004621
   246/599        0G    0.0302   0.01844   0.02232   0.07096        17       640    0.7256    0.7012    0.7549    0.4668   0.01554  0.007211  0.004683
   247/599        0G   0.02714   0.01846   0.01865   0.06425        13       640    0.7261    0.7349    0.7846    0.5103   0.01506  0.007507  0.003781
   248/599        0G   0.02784   0.01749   0.02005   0.06538        13       640     0.687     0.796    0.7929    0.4975   0.01551  0.007093  0.003797
   249/599        0G   0.02646    0.0188   0.01935   0.06461        12       640    0.7564    0.7045    0.8092    0.5079   0.01462  0.006905  0.004227
   250/599        0G    0.0296   0.01917    0.0187   0.06747         7       640    0.8222    0.7174    0.8313    0.5272   0.01534  0.007052  0.003957
   251/599        0G   0.02788   0.01775      0.02   0.06563         9       640    0.7948    0.7829    0.8525    0.5468   0.01403  0.006938  0.003899
   252/599        0G   0.02572   0.01786   0.02123   0.06481        17       640    0.7946    0.7463    0.8344    0.5254   0.01456  0.006751  0.004278
   253/599        0G   0.02739   0.01748   0.01976   0.06463         8       640    0.8272    0.7005    0.8368    0.5475   0.01388  0.006615  0.004401
   254/599        0G   0.02675   0.01765   0.01951   0.06391         9       640    0.8015    0.7375    0.8193    0.5241   0.01428  0.006666  0.004251
   255/599        0G   0.02632   0.01731   0.01977   0.06339         8       640    0.7653    0.7718    0.8268    0.5355   0.01412  0.006779  0.004296
   256/599        0G   0.02827   0.01831   0.02092   0.06751         6       640    0.7249     0.778    0.7995    0.4985   0.01436  0.006698  0.004546
   257/599        0G   0.02782   0.01693   0.02049   0.06523        10       640    0.6972    0.7465    0.7756    0.4751   0.01577  0.006667  0.004494
   258/599        0G   0.02766   0.01808   0.01928   0.06502        12       640    0.7588    0.7746    0.8419    0.5569   0.01417   0.00657  0.004107
   259/599        0G    0.0246   0.01794   0.01955   0.06209        13       640    0.7518    0.7558    0.8535    0.5359   0.01406  0.006839   0.00389
   260/599        0G   0.02631   0.01751   0.01832   0.06214        11       640    0.7768    0.7487     0.839     0.537    0.0141  0.006763  0.003907
   261/599        0G   0.02737   0.01797   0.01827   0.06362        13       640    0.7823    0.7176    0.8076     0.533   0.01416  0.006749  0.004132
   262/599        0G   0.02709   0.01749   0.01959   0.06417         9       640    0.7905    0.6792    0.8098    0.5247   0.01385  0.006744  0.003437
   263/599        0G   0.02704   0.01893   0.01811   0.06408        10       640    0.6005    0.8696    0.8266    0.5389   0.01375   0.00675  0.003743
   264/599        0G   0.02628   0.01815    0.0172   0.06163         7       640    0.6147    0.8353    0.8003    0.5177   0.01472  0.006983  0.004072
   265/599        0G   0.02693   0.01795   0.01803   0.06291        11       640    0.7654    0.7351    0.8441    0.5603   0.01366  0.006783  0.003632
   266/599        0G   0.02732   0.01761   0.02029   0.06523         8       640    0.7509    0.7731    0.8412    0.5632    0.0138  0.006677  0.003285
   267/599        0G   0.02641   0.01843   0.01895   0.06378        11       640    0.7571    0.7655    0.8326    0.5519   0.01466  0.006817  0.003239
   268/599        0G   0.02665   0.01748   0.01649   0.06063        17       640    0.7983    0.7788    0.8778    0.5705   0.01407  0.006643  0.002997
   269/599        0G   0.02503   0.01724   0.01909   0.06136         8       640    0.8375    0.7427    0.8499    0.5527   0.01448  0.006453  0.003214
   270/599        0G   0.02544   0.01798   0.01735   0.06078         8       640    0.8436    0.7406    0.8554    0.5501   0.01523  0.006395  0.003588
   271/599        0G   0.02579   0.01656   0.01952   0.06188        10       640    0.8453     0.722    0.8614    0.5574   0.01475  0.006636  0.003591
   272/599        0G   0.02836   0.01803   0.01932   0.06572        12       640     0.764    0.7936    0.8632    0.5634   0.01383  0.006823  0.003578
   273/599        0G   0.02731    0.0175   0.02125   0.06606        14       640    0.7925    0.7878    0.8586    0.5591   0.01399  0.006788  0.003336
   274/599        0G   0.02843    0.0184   0.01973   0.06656        13       640    0.8103      0.82    0.8717    0.5713   0.01247  0.006418  0.003406
   275/599        0G   0.02583   0.01742   0.01928   0.06253         9       640    0.8162    0.8276    0.8651    0.5801   0.01299  0.006373   0.00332
   276/599        0G   0.02633   0.01737   0.01826   0.06196        11       640    0.8718    0.7734    0.8905    0.5876   0.01269  0.006332  0.003313
   277/599        0G   0.02603   0.01784   0.01838   0.06225         9       640     0.833    0.7881    0.8841    0.5816   0.01375  0.006572  0.003154
   278/599        0G   0.02588   0.01768   0.01818   0.06174         7       640    0.8518    0.7761    0.8813    0.5816    0.0131  0.006604  0.003464
   279/599        0G   0.02685   0.01697   0.01601   0.05982         9       640    0.8073    0.8079    0.8753    0.5891   0.01341  0.006303  0.003268
   280/599        0G   0.02718   0.01671   0.01725   0.06114        14       640    0.8382    0.7838    0.8931    0.5816   0.01339  0.006274  0.003033
   281/599        0G   0.02585   0.01735    0.0164    0.0596        16       640    0.8296    0.7658    0.8753    0.5889   0.01286  0.006511  0.003039
   282/599        0G   0.02471   0.01588   0.01775   0.05833        14       640    0.8391    0.7842    0.8924    0.6023   0.01275  0.006448   0.00306
   283/599        0G    0.0275    0.0177   0.01699   0.06219        14       640    0.8673    0.7656    0.9028    0.5905   0.01368  0.006375  0.002715
   284/599        0G   0.02697   0.01704   0.01841   0.06242        13       640    0.8137    0.7585    0.8874    0.5836    0.0137  0.006533  0.002923
   285/599        0G   0.02601   0.01662   0.01686   0.05949        17       640    0.8035    0.8339    0.9119    0.6271     0.013  0.006246  0.002469
   286/599        0G   0.02609   0.01722   0.01436   0.05766         8       640     0.796    0.8152    0.8681    0.5868   0.01304  0.006387  0.002628
   287/599        0G   0.02638   0.01682    0.0162    0.0594        17       640    0.8086    0.8153    0.8925    0.5882   0.01331  0.006301  0.002749
   288/599        0G   0.02697   0.01792   0.01852   0.06341        14       640    0.8381     0.791    0.8984    0.6043   0.01326  0.006094  0.002657
   289/599        0G   0.02498   0.01664   0.01806   0.05968        10       640    0.8497    0.8167    0.9096    0.6311   0.01245  0.006156  0.002633
   290/599        0G   0.02582    0.0169   0.01639   0.05911         8       640    0.7162    0.8843    0.9083    0.6447   0.01289  0.006369  0.002685
   291/599        0G   0.02642   0.01712   0.01799   0.06154         8       640    0.8898     0.785     0.912    0.6434   0.01297  0.006115  0.002659
   292/599        0G    0.0263   0.01572   0.01758    0.0596        10       640    0.7463    0.8586    0.9118    0.6387   0.01289  0.005985  0.002846
   293/599        0G   0.02832   0.01823   0.01649   0.06304        11       640    0.6961    0.9013    0.9033    0.6229   0.01307  0.006071  0.002873
   294/599        0G   0.02489   0.01687    0.0172   0.05896        14       640    0.8908    0.8132    0.9167    0.6382   0.01267  0.005986  0.002579
   295/599        0G   0.02668   0.01763   0.01616   0.06046        10       640    0.7797    0.8658    0.9046    0.6105    0.0135  0.006198  0.002979
   296/599        0G   0.02586   0.01598   0.01535   0.05718         9       640     0.758    0.9031    0.9216    0.6208    0.0139  0.006039  0.002723
   297/599        0G   0.02661   0.01695   0.01599   0.05955        12       640    0.8103    0.9013    0.9331    0.6643    0.0128  0.005884  0.002578
   298/599        0G   0.02796   0.01633   0.01645   0.06075        13       640    0.9257    0.8278    0.9389    0.6633   0.01227  0.005847  0.002351
   299/599        0G    0.0265   0.01649   0.01667   0.05967        12       640    0.8443    0.8541    0.9355    0.6639   0.01266  0.006021  0.002305
   300/599        0G   0.02554   0.01606   0.01437   0.05597         6       640    0.7913    0.8936    0.9298     0.644   0.01243  0.006146  0.002268
   301/599        0G   0.02512   0.01684   0.01521   0.05717         8       640    0.7897    0.8244    0.9194    0.6342   0.01265  0.006112  0.002523
   302/599        0G   0.02536   0.01591    0.0188   0.06007        10       640    0.8691    0.7725    0.9038    0.6251   0.01235  0.006118  0.002603
   303/599        0G   0.02584    0.0166   0.01533   0.05777         9       640    0.7882    0.8127    0.8851     0.603   0.01362  0.006211  0.002573
   304/599        0G   0.02749   0.01731   0.01641    0.0612        13       640    0.7403    0.8714    0.8914    0.5948   0.01332  0.006393  0.002321
   305/599        0G   0.02468   0.01623    0.0143   0.05521        13       640    0.8046    0.8746    0.9318    0.6418    0.0126  0.006127  0.002148
   306/599        0G   0.02528   0.01709   0.01503    0.0574         9       640    0.7652    0.9125    0.9247     0.641   0.01282   0.00603  0.002163
   307/599        0G   0.02591   0.01588   0.01653   0.05833         9       640    0.7977    0.8436    0.8943    0.5701   0.01493   0.00612   0.00244
   308/599        0G   0.02462   0.01777   0.01473   0.05712        11       640    0.8099    0.8482    0.9149     0.638   0.01349  0.006102  0.002365
   309/599        0G   0.02399   0.01619   0.01462    0.0548        12       640    0.7584    0.8937    0.9346    0.6334   0.01327  0.006302  0.002234
   310/599        0G   0.02613   0.01687   0.01799   0.06098        13       640    0.7733    0.8766      0.92    0.6398    0.0127  0.006264  0.002348
   311/599        0G   0.02531    0.0165   0.01768   0.05948        11       640    0.8191    0.8598     0.913    0.6309   0.01248   0.00622  0.002255
   312/599        0G    0.0296   0.01707   0.01794   0.06461        11       640    0.7665    0.8918    0.8993     0.614   0.01316  0.006094  0.002429
   313/599        0G    0.0269   0.01746   0.01538   0.05975        13       640     0.737     0.899    0.8975    0.6315   0.01305  0.005936  0.002386
   314/599        0G   0.02418   0.01652   0.01419   0.05489         7       640    0.8692    0.8092    0.9092    0.6362   0.01222  0.005778  0.002216
   315/599        0G   0.02556   0.01627   0.01525   0.05708         9       640    0.8933    0.8107    0.9322    0.6602   0.01252  0.005707  0.002115
   316/599        0G   0.02506   0.01677   0.01493   0.05677         9       640    0.8424    0.8284    0.9167     0.624   0.01283  0.005953  0.002413
   317/599        0G   0.02363   0.01595   0.01548   0.05507         7       640    0.8659    0.8231    0.9312    0.6647   0.01177  0.005931  0.002386
   318/599        0G   0.02482   0.01663   0.01461   0.05607        10       640     0.797    0.9045    0.9516     0.671   0.01216  0.005934  0.002063
   319/599        0G   0.02425   0.01667   0.01374   0.05466        15       640    0.7846    0.9128    0.9379    0.6466    0.0126  0.005962  0.002199
   320/599        0G   0.02414   0.01675   0.01658   0.05748         8       640    0.7919    0.9097    0.9366    0.6566   0.01223  0.006042  0.002159
   321/599        0G   0.02454   0.01642   0.01515   0.05611        10       640    0.8106    0.8706    0.9362    0.6796   0.01238  0.006032  0.002028
   322/599        0G   0.02706   0.01615   0.01813   0.06134         8       640    0.8127    0.8852    0.9394    0.6618   0.01217  0.006009  0.001866
   323/599        0G   0.02576   0.01716   0.01709   0.06001        17       640    0.8339     0.875    0.9285    0.6537   0.01221  0.005961  0.002027
   324/599        0G   0.02476   0.01728   0.01487   0.05691        11       640      0.76     0.902    0.9179    0.6501   0.01203  0.005857  0.002266
   325/599        0G   0.02614   0.01706   0.01442   0.05762        10       640    0.7686    0.9038     0.924      0.65   0.01211  0.005924  0.002195
   326/599        0G   0.02618   0.01611   0.01649   0.05878        11       640    0.8996    0.8421    0.9575    0.6827   0.01218  0.006039  0.002027
   327/599        0G    0.0231    0.0163   0.01353   0.05293        10       640    0.8028    0.9254    0.9564    0.7021    0.0112   0.00593  0.002053
   328/599        0G   0.02348   0.01612   0.01435   0.05395        12       640    0.8631    0.9046    0.9529    0.7028   0.01145  0.005816  0.001853
   329/599        0G   0.02529   0.01713    0.0188   0.06121        12       640    0.8251    0.9056    0.9494    0.6746   0.01261  0.005837  0.001625
   330/599        0G   0.02389     0.016   0.01301   0.05289        12       640    0.8402    0.8696    0.9397    0.6711   0.01162  0.005842  0.001883
   331/599        0G   0.02499   0.01637   0.01561   0.05696        13       640    0.8531       0.9    0.9455    0.6709   0.01176  0.005802   0.00164
   332/599        0G   0.02679   0.01579   0.01685   0.05943        10       640    0.8702    0.8819    0.9311     0.643   0.01214   0.00579  0.001911
   333/599        0G   0.02553   0.01706   0.01326   0.05586         9       640    0.7729    0.9124    0.9294    0.6763   0.01199  0.005939  0.001915
   334/599        0G   0.02424   0.01624   0.01645   0.05693        11       640    0.8005    0.8681    0.9171    0.6505   0.01245   0.00601   0.00202
   335/599        0G   0.02332   0.01652   0.01229   0.05213        10       640    0.8541    0.8243    0.9236    0.6503   0.01222  0.006181  0.001674
   336/599        0G   0.02418   0.01581   0.01384   0.05383        10       640    0.8922    0.8701    0.9533    0.6652   0.01158  0.005937   0.00154
   337/599        0G   0.02354   0.01587   0.01571   0.05512         8       640    0.8178    0.9233    0.9382    0.6609   0.01212  0.005745  0.001985
   338/599        0G   0.02429   0.01598   0.01465   0.05493        13       640    0.8865    0.8085    0.9098    0.6448    0.0123  0.005679  0.002025
   339/599        0G   0.02201   0.01569   0.01362   0.05132        13       640    0.8559     0.851    0.9121    0.6308   0.01259  0.005772  0.002339
   340/599        0G    0.0246    0.0155   0.01488   0.05498        14       640    0.8172    0.9204    0.9574     0.669   0.01255  0.005762  0.001697
   341/599        0G   0.02469   0.01557   0.01209   0.05236        10       640    0.8805      0.89     0.962     0.691   0.01173  0.005758  0.001455
   342/599        0G   0.02504   0.01769   0.01477    0.0575        14       640    0.8658    0.8844    0.9559    0.6882   0.01166   0.00575  0.001495
   343/599        0G   0.02377   0.01613   0.01327   0.05317        15       640    0.8898    0.8839    0.9554    0.6704   0.01205  0.005695  0.001473
   344/599        0G   0.02314   0.01626   0.01419   0.05359         9       640    0.8855    0.9078    0.9693    0.6958   0.01189  0.005641  0.001475
   345/599        0G   0.02486   0.01696   0.01385   0.05567         8       640    0.8099    0.9162    0.9445    0.6846   0.01257  0.005708  0.001744
   346/599        0G   0.02487   0.01609   0.01516   0.05612         6       640    0.8245    0.9166    0.9536    0.6858   0.01195  0.005781  0.001738
   347/599        0G   0.02334   0.01554   0.01343   0.05231        16       640    0.8922    0.9018    0.9801    0.7208   0.01141  0.005758  0.001451
   348/599        0G   0.02574   0.01567   0.01341   0.05483         9       640    0.8642    0.9204    0.9801     0.735   0.01088  0.005599  0.001469
   349/599        0G   0.02638   0.01525   0.01445   0.05609         6       640    0.8228    0.9359    0.9688    0.7111   0.01125  0.005381  0.001705
   350/599        0G   0.02514   0.01627   0.01306   0.05447         7       640     0.901    0.8735    0.9684    0.7174   0.01107  0.005369  0.001545
   351/599        0G   0.02233   0.01481   0.01141   0.04855        11       640    0.8256    0.9627     0.977     0.726   0.01099  0.005489  0.001297
   352/599        0G   0.02576   0.01632    0.0134   0.05549        10       640    0.8614    0.9662    0.9824    0.7389    0.0113  0.005447  0.001199
   353/599        0G   0.02488   0.01613   0.01324   0.05426         8       640    0.9453    0.9127    0.9828     0.744     0.011   0.00549  0.001057
   354/599        0G   0.02437   0.01657   0.01207   0.05301        10       640    0.8884    0.9373    0.9812    0.7413   0.01094  0.005431  0.001234
   355/599        0G   0.02222   0.01519   0.01202   0.04943         5       640    0.8922    0.9071    0.9717    0.7324   0.01107  0.005457  0.001411
   356/599        0G   0.02099   0.01495   0.01423   0.05017         7       640    0.8041    0.9466    0.9739    0.7123    0.0111  0.005466  0.001442
   357/599        0G   0.02395   0.01512   0.01241   0.05148        10       640    0.8642    0.9078    0.9645    0.6863   0.01135  0.005692  0.001305
   358/599        0G    0.0241   0.01677   0.01232   0.05319         5       640    0.9095    0.8888    0.9818    0.7114   0.01082  0.005606  0.001171
   359/599        0G   0.02487   0.01676   0.01443   0.05607        11       640    0.8978    0.9058    0.9806    0.7018   0.01215  0.005657  0.001193
   360/599        0G   0.02428   0.01644   0.01377   0.05449        12       640    0.8942    0.8841    0.9704    0.7099   0.01239  0.005775  0.001185
   361/599        0G   0.02393   0.01659   0.01177   0.05229         8       640    0.8679    0.9259    0.9711    0.7065   0.01106  0.005589    0.0012
   362/599        0G   0.02478   0.01482   0.01276   0.05236         9       640    0.9088    0.9012     0.979    0.7044   0.01155  0.005499  0.001187
   363/599        0G   0.02366    0.0153   0.01212   0.05108         6       640    0.9407    0.8862    0.9839     0.714   0.01136  0.005433  0.001093
   364/599        0G   0.02413   0.01578   0.01323   0.05314        14       640    0.9199    0.9134    0.9863    0.7217    0.0116  0.005371  0.001113
   365/599        0G   0.02407   0.01583   0.01435   0.05425        14       640    0.9128    0.9088    0.9892    0.7363   0.01087  0.005377  0.001201
   366/599        0G   0.02364   0.01674   0.01324   0.05362        10       640    0.8779     0.944    0.9898    0.7441   0.01106  0.005436  0.001032
   367/599        0G   0.02369   0.01544   0.01362   0.05276        11       640    0.9104    0.9513    0.9932    0.7386   0.01093  0.005356  0.001097
   368/599        0G   0.02457   0.01636   0.01318   0.05411         9       640     0.891    0.9587     0.988    0.7354   0.01113  0.005341  0.001317
   369/599        0G    0.0229   0.01588   0.01361   0.05239         9       640    0.9383    0.9057    0.9795      0.71    0.0113  0.005563  0.001246
   370/599        0G   0.02252   0.01602   0.01386    0.0524        10       640    0.8947    0.9206    0.9724    0.7008   0.01114    0.0056  0.001204
   371/599        0G   0.02362   0.01689   0.01298   0.05349         8       640    0.8157     0.957    0.9526    0.7157   0.01067   0.00543  0.001431
   372/599        0G   0.02478   0.01673   0.01477   0.05628         9       640    0.8979    0.9128    0.9616    0.7261   0.01145   0.00544  0.001166
   373/599        0G   0.02167   0.01499    0.0119   0.04856         8       640    0.9351    0.9578    0.9853    0.7445   0.01075  0.005433   0.00106
   374/599        0G   0.02173   0.01545   0.01219   0.04938        21       640    0.8892    0.9624    0.9812    0.7436   0.01187  0.005513  0.001065
   375/599        0G    0.0235   0.01558   0.01383   0.05291        12       640    0.8531    0.9817    0.9834    0.7418   0.01133  0.005458  0.001065
   376/599        0G   0.02381   0.01628   0.01396   0.05405        12       640    0.9094    0.9209    0.9865    0.7393   0.01147  0.005365  0.001076
   377/599        0G   0.02473     0.015   0.01153   0.05125         8       640    0.8723    0.9371    0.9919    0.7548   0.01132  0.005322  0.001129
   378/599        0G   0.02247   0.01468   0.01254   0.04969        16       640    0.8309    0.9472    0.9908    0.7357   0.01137  0.005448  0.001158
   379/599        0G   0.02388   0.01554   0.01321   0.05263         9       640    0.8387    0.9579    0.9903    0.7071   0.01175  0.005452  0.001104
   380/599        0G   0.02321   0.01456   0.01228   0.05004        12       640    0.8653    0.9619     0.989     0.705   0.01138  0.005357  0.001057
   381/599        0G   0.02282   0.01515   0.01072    0.0487        10       640    0.8986     0.956    0.9881    0.7435   0.01071  0.005325 0.0009165
   382/599        0G   0.02445   0.01616   0.01169    0.0523        11       640    0.9394    0.9388    0.9899    0.7341   0.01095  0.005327 0.0009314
   383/599        0G   0.02368   0.01518   0.01226   0.05112        10       640    0.9141    0.9731    0.9901    0.7335   0.01054  0.005233 0.0008806
   384/599        0G   0.02449    0.0153   0.01209   0.05188        18       640    0.8745    0.9689    0.9931    0.7304   0.01082  0.005138 0.0009413
   385/599        0G   0.02346    0.0154   0.01087   0.04973        12       640    0.8763    0.9698    0.9871    0.7298   0.01128  0.005165 0.0008731
   386/599        0G   0.02147   0.01528   0.01102   0.04777         7       640    0.9074    0.9656    0.9883    0.7447   0.01096  0.005255 0.0008282
   387/599        0G   0.02453   0.01528   0.01348   0.05329        12       640    0.9035    0.9558    0.9876    0.7264    0.0107  0.005369 0.0008749
   388/599        0G    0.0235   0.01494    0.0119   0.05034         9       640    0.9193    0.9426    0.9824    0.7275   0.01137  0.005308  0.001246
   389/599        0G   0.02396   0.01553   0.01093   0.05042         9       640    0.9262    0.9355    0.9835    0.7299   0.01066  0.005214  0.001411
   390/599        0G   0.02393   0.01557   0.01212   0.05163        12       640    0.9211    0.9565    0.9855    0.7469   0.01084  0.005145  0.001046
   391/599        0G   0.02254   0.01425   0.01129   0.04807         7       640     0.895    0.9466    0.9845    0.7393   0.01038  0.005107  0.001077
   392/599        0G   0.02315   0.01521    0.0109   0.04926        10       640    0.9116    0.9205    0.9776    0.7347   0.01019  0.005051  0.001194
   393/599        0G   0.02358   0.01759   0.01325   0.05442        18       640    0.8667     0.939    0.9636    0.7108   0.01049  0.005225  0.001387
   394/599        0G   0.02225   0.01531   0.01182   0.04937         9       640    0.9173    0.9203    0.9795    0.7188   0.01088  0.005388   0.00106
   395/599        0G   0.02195   0.01551    0.0117   0.04916         8       640     0.874    0.9697    0.9884    0.7303   0.01061  0.005318 0.0009356
   396/599        0G   0.02485   0.01491   0.01326   0.05302        12       640    0.9081    0.9661    0.9897    0.7565   0.01022  0.005165 0.0009309
   397/599        0G   0.02245   0.01542   0.01015   0.04801        10       640    0.9007    0.9812    0.9927    0.7714  0.009656  0.005151 0.0008591
   398/599        0G   0.02175   0.01529   0.01053   0.04757         8       640    0.9306    0.9351     0.991    0.7538   0.01016  0.005193 0.0007776
   399/599        0G   0.02212   0.01524  0.009763   0.04712        17       640    0.9211    0.9538    0.9871    0.7438    0.0101  0.005134 0.0009122
   400/599        0G   0.02204   0.01622   0.01209   0.05035        13       640    0.8631    0.9765    0.9866    0.7337   0.01018  0.005138 0.0008437
   401/599        0G   0.02416   0.01659   0.01133   0.05208        15       640    0.9153    0.9338    0.9859    0.7552   0.01057    0.0052 0.0009236
   402/599        0G   0.02437   0.01519   0.01204   0.05159         8       640    0.9263     0.932    0.9877     0.743   0.01071  0.005085 0.0009157
   403/599        0G   0.02212   0.01549   0.01252   0.05013        13       640    0.9572    0.9256    0.9933    0.7462   0.01057  0.004992 0.0009054
   404/599        0G   0.02179   0.01441   0.01058   0.04678         8       640    0.9507    0.9181    0.9898    0.7389   0.01065  0.005189  0.001052
   405/599        0G   0.02363   0.01469   0.01032   0.04864         8       640    0.9237    0.9303    0.9884    0.7303    0.0106   0.00514  0.001076
   406/599        0G   0.02294   0.01512   0.01168   0.04974         8       640    0.9599    0.9253    0.9895    0.7179   0.01137  0.005046 0.0009408
   407/599        0G   0.02359   0.01469  0.008682   0.04696        12       640    0.9478    0.9476    0.9909     0.735   0.01103  0.005121 0.0008034
   408/599        0G   0.02406   0.01558   0.01025   0.04989         8       640      0.91    0.9851    0.9857    0.7425   0.01092  0.005147 0.0008847
   409/599        0G   0.02402   0.01627  0.009762   0.05005        12       640    0.9472    0.9509    0.9881    0.7484   0.01046  0.005245 0.0008365
   410/599        0G    0.0234   0.01558   0.01186   0.05084        10       640    0.9568    0.9622    0.9912    0.7523    0.0103  0.005154  0.000722
   411/599        0G    0.0222   0.01518   0.01102    0.0484        12       640    0.9468    0.9583    0.9935    0.7612  0.009947  0.004983 0.0007239
   412/599        0G   0.02026   0.01428   0.00979   0.04433        10       640     0.949    0.9488     0.993    0.7633  0.009512  0.004901  0.000641
   413/599        0G   0.02363   0.01545   0.01111   0.05018         7       640    0.9354    0.9574    0.9916    0.7495  0.009822  0.005018 0.0006448
   414/599        0G   0.02234   0.01415   0.01102   0.04751        12       640    0.9493    0.9372    0.9795    0.7478      0.01  0.004947 0.0006567
   415/599        0G   0.02206   0.01454   0.01201   0.04861        10       640    0.9516    0.9702    0.9915    0.7628   0.01018  0.004924 0.0006839
   416/599        0G   0.02184   0.01467   0.01182   0.04833         6       640    0.9498    0.9813    0.9937    0.7572   0.01048  0.004961 0.0007317
   417/599        0G   0.02134    0.0142   0.01039   0.04592        12       640    0.9356    0.9984    0.9921    0.7563  0.009894  0.004936 0.0006786
   418/599        0G   0.02374   0.01535   0.01246   0.05155        12       640     0.956    0.9525    0.9913    0.7511   0.01002  0.004907 0.0006751
   419/599        0G   0.02453   0.01599   0.01238   0.05289         6       640    0.9516    0.9329    0.9871    0.7605  0.009837   0.00491 0.0008014
   420/599        0G    0.0233   0.01541   0.01141   0.05012        17       640    0.9174    0.9746    0.9952    0.7751   0.01012  0.004773 0.0006839
   421/599        0G   0.02035   0.01372  0.009848   0.04392         5       640    0.9411    0.9784    0.9952    0.7662    0.0102  0.004783 0.0006733
   422/599        0G    0.0218   0.01514   0.01066    0.0476         8       640     0.963    0.9855    0.9924    0.7787  0.009872  0.004946 0.0006443
   423/599        0G   0.02206   0.01439   0.01022   0.04667        15       640    0.9466    0.9906    0.9908    0.7705  0.009272  0.004914 0.0006355
   424/599        0G     0.021   0.01462    0.0106   0.04623        11       640    0.9354    0.9891    0.9907    0.7753   0.00924  0.004907  0.000643
   425/599        0G   0.02094   0.01401   0.01013   0.04508         9       640    0.9279    0.9827     0.991    0.7836  0.009415  0.004902 0.0006559
   426/599        0G   0.02357   0.01524   0.01019   0.04899        11       640    0.9338    0.9926    0.9948    0.7838  0.009376   0.00497  0.000614
   427/599        0G   0.02216   0.01542    0.0098   0.04739        13       640    0.9246    0.9842    0.9934    0.7789  0.009212  0.004976 0.0006869
   428/599        0G   0.02179   0.01504   0.01176   0.04859         9       640    0.9269    0.9796    0.9797    0.7724  0.009274  0.004897   0.00101
   429/599        0G   0.02145   0.01502   0.01085   0.04731        18       640    0.9602     0.945     0.993    0.7802    0.0096  0.004866 0.0007676
   430/599        0G   0.02031   0.01476  0.009578   0.04465        17       640    0.9565    0.9787    0.9947     0.777   0.00943  0.004836 0.0006075
   431/599        0G    0.0207   0.01507   0.01102   0.04679         6       640    0.9653     0.988    0.9951    0.7748  0.009351  0.004896  0.000526
   432/599        0G   0.02398   0.01467   0.01091   0.04956        13       640    0.9604    0.9933     0.995    0.7562    0.0098  0.004948 0.0005494
   433/599        0G    0.0227   0.01452   0.01037   0.04759        13       640    0.9616    0.9921    0.9947    0.7861  0.009193  0.004899  0.000547
   434/599        0G   0.02137   0.01494  0.009942   0.04625        10       640    0.9453    0.9755    0.9914    0.7971   0.00898  0.004952 0.0005575
   435/599        0G   0.02314    0.0145    0.0117   0.04934         4       640    0.9268    0.9731    0.9903    0.7755  0.009513  0.004893 0.0006482
   436/599        0G   0.02259   0.01428  0.009638    0.0465        13       640    0.9551    0.9881    0.9949    0.7782  0.009444  0.004819 0.0005466
   437/599        0G   0.02133   0.01438  0.009447   0.04515        12       640    0.9452    0.9891    0.9941    0.7774   0.00978  0.004868 0.0005852
   438/599        0G   0.02265   0.01461   0.01015   0.04741         7       640    0.9403    0.9843    0.9927    0.7727  0.009636  0.004904 0.0006287
   439/599        0G   0.02054   0.01383  0.009974   0.04435        10       640    0.9338    0.9864    0.9885    0.7654  0.009789  0.004841 0.0006554
   440/599        0G   0.02208   0.01384   0.01152   0.04744         9       640    0.9359    0.9675    0.9842    0.7666  0.009697  0.004809 0.0008401
   441/599        0G   0.02044   0.01444  0.009791   0.04467        13       640    0.9426    0.9731    0.9891    0.7812  0.008946  0.004731 0.0007517
   442/599        0G   0.02021   0.01508  0.009611    0.0449        10       640    0.9164    0.9805    0.9918    0.7908  0.009244  0.004735 0.0006841
   443/599        0G   0.02131    0.0136   0.01032   0.04524        10       640    0.9318    0.9816    0.9933    0.7778  0.009397  0.004736 0.0005937
   444/599        0G   0.02048   0.01438  0.009864   0.04473        13       640    0.9526    0.9666    0.9941    0.7758  0.009103  0.004713 0.0005746
   445/599        0G   0.02166   0.01485   0.01153   0.04804         7       640    0.9353    0.9969    0.9935    0.7812  0.009329   0.00473 0.0005543
   446/599        0G   0.02165   0.01427   0.01038   0.04629         8       640    0.9662     0.965    0.9941    0.7991  0.009016  0.004778 0.0005366
   447/599        0G    0.0222   0.01501  0.008845   0.04606         7       640    0.9543    0.9698    0.9935    0.7894  0.009623  0.004798 0.0005669
   448/599        0G    0.0215   0.01466    0.0101   0.04626         8       640    0.9441    0.9863    0.9927    0.7783  0.009446  0.004812  0.000562
   449/599        0G   0.02364   0.01502   0.01156   0.05021        10       640    0.9485     0.978    0.9925    0.7965  0.008995  0.004864 0.0005503
   450/599        0G   0.02038   0.01451   0.01017   0.04506         6       640    0.9246    0.9859    0.9915     0.794  0.009131  0.004875 0.0006318
   451/599        0G   0.02173   0.01495   0.01139   0.04807        13       640    0.9336    0.9792    0.9903    0.7952  0.009153  0.004873 0.0006703
   452/599        0G   0.02179   0.01445  0.009864   0.04611        13       640    0.9428    0.9913    0.9936    0.8019  0.008994  0.004771 0.0006239
   453/599        0G    0.0237   0.01465   0.01047   0.04882         7       640    0.9671    0.9768    0.9948    0.7895  0.009401  0.004632  0.000586
   454/599        0G   0.02015   0.01399   0.01047   0.04461        10       640    0.9504    0.9693    0.9947    0.7981  0.008979  0.004581 0.0006036
   455/599        0G   0.02056   0.01439   0.01048   0.04543        13       640    0.9544      0.96     0.992    0.8051  0.008784  0.004595 0.0005936
   456/599        0G   0.02242    0.0148   0.01055   0.04777        14       640    0.9353    0.9944    0.9936    0.7785  0.009513  0.004693 0.0005975
   457/599        0G   0.02211   0.01525  0.009944    0.0473        14       640    0.9565    0.9871    0.9935    0.7884  0.009059  0.004748 0.0005188
   458/599        0G   0.02258   0.01465  0.008578   0.04581        14       640    0.9625     0.976    0.9917     0.785  0.009049  0.004758 0.0005315
   459/599        0G   0.02013   0.01452  0.009326   0.04397         8       640    0.9553    0.9702    0.9895    0.7739  0.009441  0.004735 0.0004879
   460/599        0G   0.01931   0.01406  0.008878   0.04224        19       640    0.9664     0.984    0.9934    0.7952  0.009267  0.004635   0.00049
   461/599        0G   0.02067   0.01599   0.01133     0.048        11       640    0.9706    0.9849    0.9942    0.7992  0.008658   0.00453 0.0004865
   462/599        0G   0.02352   0.01491   0.01063   0.04906         8       640    0.9747    0.9838    0.9951    0.7853  0.009051  0.004558 0.0004556
   463/599        0G   0.02235   0.01425  0.008288   0.04489        13       640    0.9685    0.9912    0.9954    0.7908  0.008932  0.004552 0.0004588
   464/599        0G    0.0206   0.01395  0.009161   0.04372        13       640    0.9733    0.9917    0.9954     0.784   0.00936  0.004548 0.0004191
   465/599        0G    0.0209   0.01413  0.008402   0.04343        10       640    0.9782    0.9869    0.9952    0.8019  0.009554  0.004629 0.0004391
   466/599        0G   0.02126   0.01485  0.009262   0.04537        13       640    0.9907    0.9827    0.9953    0.8072   0.00895  0.004599 0.0003821
   467/599        0G   0.01945   0.01445  0.007589   0.04149        11       640    0.9681    0.9898    0.9938    0.7938  0.008972  0.004684 0.0003408
   468/599        0G    0.0195   0.01412  0.008339   0.04196        12       640    0.9667    0.9909    0.9945    0.7994  0.009202  0.004662 0.0003282
   469/599        0G   0.02011   0.01378  0.008061   0.04195         7       640     0.955    0.9908    0.9932    0.7844  0.009436  0.004642 0.0003334
   470/599        0G    0.0204   0.01401   0.01027   0.04468         9       640    0.9612    0.9876    0.9943    0.7959  0.009529  0.004636 0.0003836
   471/599        0G   0.02101   0.01427  0.008341   0.04362         9       640    0.9402    0.9903    0.9936    0.7902  0.009294  0.004632 0.0004611
   472/599        0G   0.02166   0.01483  0.008879   0.04536         7       640    0.9553    0.9711    0.9931    0.8067  0.008931  0.004553 0.0005231
   473/599        0G   0.02196   0.01405   0.01092   0.04693        10       640    0.9669    0.9702     0.995    0.8196   0.00915  0.004482 0.0004699
   474/599        0G   0.01993   0.01454   0.00732   0.04179        14       640    0.9671    0.9845     0.995    0.7941  0.009246  0.004509  0.000426
   475/599        0G   0.01943   0.01362    0.0091   0.04215        12       640    0.9741    0.9721    0.9945    0.8002  0.009054  0.004573 0.0003962
   476/599        0G    0.0208   0.01457  0.009277   0.04465         8       640    0.9622    0.9697    0.9945    0.7884  0.009179  0.004627 0.0004136
   477/599        0G   0.02257   0.01456  0.008538   0.04567        11       640    0.9533    0.9906    0.9952    0.8129  0.008604  0.004567 0.0004022
   478/599        0G   0.02146   0.01379  0.008035   0.04329         7       640    0.9587    0.9995    0.9953    0.8077   0.00859  0.004545 0.0003814
   479/599        0G   0.01964   0.01382  0.008956   0.04241        18       640    0.9584     0.996    0.9953    0.8022  0.008731  0.004588 0.0003862
   480/599        0G   0.01993   0.01383  0.008464   0.04222        12       640     0.963    0.9881    0.9949     0.805  0.008741  0.004553 0.0003766
   481/599        0G   0.02245   0.01468  0.009338   0.04646        10       640    0.9704    0.9898    0.9951    0.8137  0.008674   0.00449 0.0003602
   482/599        0G   0.01987   0.01482  0.008163   0.04285        15       640    0.9841    0.9885     0.995     0.822  0.008652  0.004488 0.0004118
   483/599        0G   0.02188   0.01462  0.008207    0.0447        15       640    0.9732    0.9832    0.9952    0.8088  0.009102  0.004588 0.0004119
   484/599        0G   0.02085   0.01452  0.009169   0.04455         9       640    0.9598    0.9821    0.9953    0.7977  0.008998  0.004653 0.0004244
   485/599        0G   0.02141   0.01485   0.01099   0.04725        14       640    0.9604    0.9794     0.995    0.8068  0.008628  0.004626 0.0004488
   486/599        0G   0.02106   0.01447  0.009538   0.04506        11       640    0.9779     0.978    0.9948    0.8045   0.00874  0.004552 0.0003736
   487/599        0G   0.01947   0.01337  0.009286   0.04212         9       640    0.9609    0.9933    0.9949    0.8145  0.008583  0.004517 0.0003841
   488/599        0G   0.02108    0.0136  0.009117    0.0438        12       640      0.96    0.9893     0.994     0.796  0.008931  0.004563 0.0004247
   489/599        0G   0.02165   0.01335   0.01075   0.04574        16       640    0.9539     0.996    0.9944    0.7865  0.009329  0.004534 0.0004102
   490/599        0G   0.02031   0.01416  0.007939    0.0424        10       640    0.9681    0.9879    0.9951    0.8025  0.008892  0.004471 0.0004156
   491/599        0G   0.02196   0.01452  0.009072   0.04555        11       640    0.9884    0.9736     0.995    0.8083  0.008505  0.004529 0.0004305
   492/599        0G   0.02168   0.01453  0.009489    0.0457        14       640    0.9623    0.9876    0.9919    0.8186  0.009082  0.004569 0.0004349
   493/599        0G   0.02168   0.01423  0.008225   0.04413        15       640    0.9469    0.9853    0.9893    0.8058  0.008428  0.004547 0.0005196
   494/599        0G   0.01989    0.0135  0.008461   0.04185        13       640    0.9469    0.9942    0.9934    0.7925  0.008643  0.004507 0.0004633
   495/599        0G   0.02182   0.01428   0.00938   0.04548        10       640    0.9631    0.9885     0.995    0.8063  0.008638  0.004439 0.0004152
   496/599        0G   0.01964   0.01402  0.009141   0.04281        13       640    0.9611    0.9928    0.9952    0.8163  0.009061  0.004436 0.0004148
   497/599        0G   0.02263   0.01413   0.01129   0.04806        10       640    0.9768    0.9864    0.9954    0.8075  0.008751  0.004477 0.0003775
   498/599        0G   0.02143   0.01494  0.009617   0.04599        10       640    0.9667    0.9994    0.9952    0.8024  0.008819   0.00451 0.0003226
   499/599        0G   0.01937   0.01342  0.008767   0.04156        10       640    0.9695    0.9957    0.9939    0.7956  0.008731   0.00448 0.0003311
   500/599        0G   0.02058   0.01411  0.009611   0.04431        10       640    0.9824    0.9776     0.995    0.7995  0.008656  0.004487 0.0003539
   501/599        0G   0.01995   0.01388  0.007784   0.04161         9       640    0.9645    0.9937    0.9953    0.8098   0.00838  0.004431 0.0003112
   502/599        0G   0.02062   0.01372   0.00985   0.04418        12       640    0.9615    0.9961    0.9939    0.8044  0.008403  0.004423 0.0002963
   503/599        0G   0.01995   0.01419  0.009086   0.04323        13       640    0.9701    0.9904    0.9938     0.813  0.008735  0.004427 0.0003332
   504/599        0G   0.02048   0.01375  0.008864    0.0431        10       640    0.9635    0.9851    0.9941     0.803  0.008949  0.004448 0.0003765
   505/599        0G   0.02102   0.01387  0.008653   0.04355        16       640    0.9579    0.9929    0.9936    0.8085  0.008853  0.004424   0.00029
   506/599        0G   0.02016   0.01296  0.008962   0.04208        11       640     0.937    0.9976    0.9904    0.7973  0.008894  0.004433 0.0003084
   507/599        0G   0.02078   0.01371  0.008428   0.04292        13       640    0.9416     0.985    0.9914    0.8018  0.009152  0.004456 0.0003687
   508/599        0G   0.01893   0.01388  0.007349   0.04016        14       640    0.9672    0.9792    0.9939    0.8063  0.008802  0.004409 0.0003594
   509/599        0G   0.01904   0.01307  0.008378   0.04049        10       640    0.9682    0.9791    0.9953    0.8064  0.008643   0.00449 0.0003862
   510/599        0G   0.02063   0.01353  0.006588   0.04075        13       640    0.9543    0.9891    0.9948    0.8122  0.008901  0.004403 0.0003517
   511/599        0G   0.02042   0.01396  0.009438   0.04382         8       640    0.9501    0.9908    0.9949    0.8201  0.008682  0.004369 0.0003513
   512/599        0G   0.02088   0.01333   0.01103   0.04524        16       640    0.9708    0.9846    0.9953    0.8201  0.008667  0.004371 0.0003222
   513/599        0G   0.02148   0.01394  0.007961   0.04337        15       640    0.9651    0.9942    0.9954    0.8164  0.008426  0.004364 0.0003189
   514/599        0G   0.02045   0.01424  0.008056   0.04275        15       640    0.9637    0.9891    0.9954    0.8067  0.008598  0.004367 0.0003305
   515/599        0G   0.01967   0.01303   0.00785   0.04056        13       640    0.9656    0.9922    0.9952    0.8198  0.008216  0.004354  0.000315
   516/599        0G   0.01974   0.01369  0.009459   0.04288         8       640    0.9635    0.9929    0.9948    0.8252  0.008406  0.004353 0.0002905
   517/599        0G   0.01915   0.01371   0.00944   0.04231         8       640    0.9626    0.9947     0.995    0.8087  0.008591   0.00436 0.0002902
   518/599        0G   0.01994   0.01389  0.008026   0.04185        10       640    0.9677     0.993    0.9954    0.8196  0.008558  0.004369 0.0002732
   519/599        0G   0.01883   0.01349  0.007589   0.03991         8       640    0.9696    0.9938    0.9954    0.8221  0.008395  0.004421 0.0002663
   520/599        0G    0.0206    0.0141  0.008517   0.04322         8       640    0.9734    0.9959    0.9954    0.8174  0.008504  0.004473 0.0002745
   521/599        0G   0.01813   0.01334   0.00756   0.03903        13       640     0.971    0.9955    0.9954    0.8146  0.008541    0.0044 0.0002921
   522/599        0G   0.01986   0.01382  0.008099   0.04178        13       640    0.9688     0.998    0.9954    0.8255  0.008284  0.004306 0.0002895
   523/599        0G    0.0194   0.01368  0.007038   0.04011        10       640     0.964    0.9956    0.9952    0.8249  0.008191  0.004271 0.0002982
   524/599        0G   0.02008    0.0148  0.009132   0.04401        11       640     0.967    0.9948    0.9952     0.826  0.008406  0.004295  0.000285
   525/599        0G   0.01826   0.01371  0.007223   0.03919        11       640    0.9597    0.9956     0.995    0.8264  0.008409  0.004336 0.0002672
   526/599        0G   0.02021    0.0139  0.008104   0.04221        14       640    0.9762    0.9944    0.9952    0.8087  0.008405  0.004324  0.000252
   527/599        0G   0.01826   0.01305  0.006313   0.03762        10       640    0.9793    0.9952    0.9954     0.827  0.008298  0.004272  0.000253
   528/599        0G   0.02013   0.01326  0.007205   0.04059        12       640     0.975    0.9988    0.9954    0.8258  0.008294  0.004253 0.0002516
   529/599        0G   0.02269   0.01521  0.009474   0.04737        13       640    0.9711     0.999    0.9954    0.8298  0.008096  0.004253 0.0002572
   530/599        0G   0.01826   0.01283  0.009591   0.04069         9       640     0.966    0.9968    0.9954    0.8189  0.008377  0.004287 0.0002838
   531/599        0G   0.01927   0.01392  0.007397   0.04059        12       640    0.9735     0.996    0.9953    0.8304  0.008034  0.004251  0.000307
   532/599        0G   0.01832   0.01388  0.006894   0.03909        16       640    0.9862    0.9856    0.9954    0.8287  0.008198  0.004206 0.0002835
   533/599        0G   0.01908   0.01294  0.008559   0.04058        14       640    0.9654    0.9871    0.9954    0.8148  0.008667   0.00421 0.0002833
   534/599        0G   0.01926    0.0137  0.007117   0.04008        13       640    0.9627    0.9864    0.9952    0.8048  0.008576  0.004206 0.0002901
   535/599        0G   0.01906   0.01324  0.006381   0.03867        12       640    0.9722    0.9834    0.9951    0.8104  0.008211  0.004176  0.000293
   536/599        0G   0.01796   0.01335  0.005852   0.03717         7       640    0.9807    0.9861     0.995    0.8238  0.008188   0.00415 0.0002777
   537/599        0G   0.01968   0.01348  0.008027   0.04119        10       640    0.9679    0.9945    0.9934    0.8239  0.008047  0.004163 0.0002697
   538/599        0G   0.01943   0.01355  0.008146   0.04113         9       640    0.9749    0.9961    0.9953    0.8301  0.008092  0.004153 0.0003033
   539/599        0G   0.01972   0.01374  0.009843    0.0433        11       640    0.9645         1    0.9935    0.8164  0.008037  0.004127 0.0003476
   540/599        0G   0.02073   0.01422  0.008115   0.04307        14       640    0.9685    0.9998    0.9933    0.8251  0.008262   0.00411 0.0003869
   541/599        0G   0.01811   0.01355  0.006366   0.03802        12       640    0.9729    0.9996    0.9939    0.8217  0.008209  0.004117 0.0002987
   542/599        0G   0.02011   0.01253  0.007521   0.04016         6       640     0.973    0.9938    0.9954     0.818  0.008148  0.004134 0.0002414
   543/599        0G   0.01885   0.01336   0.00761   0.03982         8       640    0.9711    0.9906    0.9954    0.8217  0.007956  0.004145 0.0002585
   544/599        0G   0.01786   0.01347  0.005509   0.03684        11       640    0.9738    0.9822    0.9954    0.8292   0.00778  0.004128 0.0002672
   545/599        0G   0.01887    0.0141   0.01009   0.04307        13       640    0.9572    0.9996    0.9954    0.8334  0.007961  0.004134 0.0002714
   546/599        0G   0.01849   0.01358  0.006547   0.03862        13       640    0.9785    0.9804    0.9954     0.829  0.007899  0.004195 0.0002653
   547/599        0G   0.01998   0.01391  0.008856   0.04275         6       640    0.9742     0.988    0.9954    0.8249  0.007802  0.004206 0.0002634
   548/599        0G    0.0193   0.01402  0.008156   0.04147        15       640    0.9551    0.9998    0.9954    0.8322   0.00778  0.004187 0.0002589
   549/599        0G    0.0202   0.01299  0.008844   0.04203         9       640     0.974    0.9914    0.9954    0.8272  0.007801  0.004164 0.0002794
   550/599        0G   0.01864    0.0127  0.006451   0.03778        12       640    0.9606    0.9917    0.9953    0.8324  0.007851  0.004111 0.0003424
   551/599        0G   0.01955   0.01312  0.007546   0.04021         8       640    0.9714    0.9767    0.9951     0.826   0.00793  0.004096 0.0004286
   552/599        0G   0.02002   0.01435  0.007936   0.04231        11       640    0.9785    0.9782    0.9951    0.8279  0.007957  0.004146 0.0004278
   553/599        0G   0.01942   0.01354  0.008607   0.04156         6       640    0.9881    0.9829    0.9954    0.8288  0.008107  0.004167 0.0003251
   554/599        0G   0.02053   0.01352  0.006911   0.04096        10       640    0.9666    0.9955    0.9948    0.8187  0.008401  0.004223 0.0003181
   555/599        0G    0.0184   0.01383  0.007421   0.03965         9       640    0.9694    0.9951    0.9952    0.8135  0.008494  0.004256 0.0003044
   556/599        0G   0.01984   0.01364  0.007469   0.04095        14       640    0.9744    0.9974    0.9954    0.8164  0.008375  0.004268 0.0002625
   557/599        0G   0.01899   0.01312  0.006381   0.03849         6       640    0.9735    0.9849    0.9952    0.8112  0.008222  0.004285  0.000266
   558/599        0G   0.01768   0.01219  0.007641    0.0375        11       640    0.9762    0.9862    0.9953    0.8297  0.007776  0.004278 0.0002503
   559/599        0G   0.01949   0.01405  0.008378   0.04192        10       640    0.9709    0.9883    0.9954    0.8299  0.007562   0.00424 0.0002582
   560/599        0G   0.01912   0.01316  0.007478   0.03975        13       640    0.9683    0.9872    0.9952    0.8259  0.007796  0.004271 0.0002753
   561/599        0G   0.01821   0.01294  0.007034   0.03818        14       640    0.9719    0.9835    0.9938    0.8278  0.007969  0.004338  0.000283
   562/599        0G   0.01805   0.01321  0.007001   0.03826        10       640     0.962    0.9923    0.9954    0.8255  0.008063  0.004285  0.000279
   563/599        0G   0.01821   0.01435  0.006138    0.0387        11       640    0.9624    0.9831    0.9949    0.8208  0.008062  0.004202 0.0002967
   564/599        0G   0.01835   0.01353  0.008106   0.03998         7       640     0.953    0.9888    0.9949    0.8348  0.007895  0.004194 0.0002476
   565/599        0G   0.01908   0.01339  0.006362   0.03884        15       640    0.9671    0.9992    0.9954    0.8478  0.007939  0.004117  0.000207
   566/599        0G   0.01777   0.01348  0.006795   0.03804         7       640    0.9767    0.9961    0.9953    0.8505  0.007593  0.004068 0.0001896
   567/599        0G   0.01726   0.01289  0.006077   0.03623         8       640    0.9736    0.9954    0.9953    0.8447  0.007889  0.004093 0.0001796
   568/599        0G   0.01919   0.01259  0.006897   0.03868         7       640    0.9769    0.9864    0.9953    0.8435  0.008105  0.004122  0.000173
   569/599        0G   0.01883   0.01288  0.007168   0.03888         6       640    0.9698    0.9949    0.9953     0.844  0.008241  0.004141 0.0001881
   570/599        0G   0.01823   0.01291    0.0063   0.03744        11       640    0.9645    0.9935    0.9949    0.8342  0.007885  0.004081  0.000202
   571/599        0G   0.01901   0.01366  0.007808   0.04048        13       640    0.9757    0.9879    0.9951    0.8371  0.007763  0.004048 0.0002055
   572/599        0G   0.02016   0.01302  0.006327   0.03951         9       640    0.9876    0.9879    0.9955    0.8379   0.00775   0.00407 0.0002005
   573/599        0G   0.01882   0.01307  0.006162   0.03805        10       640    0.9865    0.9983    0.9955    0.8297  0.007943  0.004097 0.0001905
   574/599        0G    0.0183   0.01371  0.005833   0.03785        15       640    0.9909    0.9978    0.9951    0.8281   0.00789  0.004068 0.0001832
   575/599        0G   0.01919   0.01341   0.00617   0.03877        10       640      0.99    0.9978    0.9951    0.8369  0.007905  0.004073 0.0001879
   576/599        0G   0.01903   0.01331  0.006472   0.03882        10       640    0.9807    0.9919    0.9949    0.8464  0.008058   0.00411 0.0002014
   577/599        0G   0.01804   0.01332  0.006178   0.03754        12       640    0.9806    0.9884    0.9951    0.8395  0.008103  0.004114 0.0002059
   578/599        0G   0.01779   0.01253   0.00692   0.03724         9       640    0.9795    0.9942    0.9952    0.8441  0.008175   0.00413  0.000207
   579/599        0G   0.01913   0.01336  0.006555   0.03905        14       640    0.9836    0.9943    0.9955    0.8388  0.007947   0.00414 0.0001935
   580/599        0G    0.0181   0.01292  0.005849   0.03687        10       640    0.9669    0.9975    0.9952      0.83  0.007806  0.004169  0.000183
   581/599        0G    0.0195   0.01291  0.008999   0.04141        12       640    0.9661    0.9999    0.9952    0.8393  0.007587  0.004201 0.0001822
   582/599        0G   0.01974   0.01262   0.00593   0.03829        15       640    0.9771    0.9953    0.9952    0.8402  0.007419  0.004162 0.0001976
   583/599        0G   0.01902   0.01318  0.006973   0.03917        11       640     0.967    0.9967    0.9953    0.8299  0.007723   0.00413 0.0002299
   584/599        0G   0.01959   0.01388  0.007524   0.04099        12       640    0.9777    0.9971    0.9954    0.8322  0.007738  0.004121 0.0002141
   585/599        0G   0.02002   0.01336  0.007447   0.04082        12       640    0.9822    0.9932    0.9954    0.8404  0.007521  0.004172 0.0001897
   586/599        0G   0.01884    0.0122  0.006595   0.03764        11       640    0.9675    0.9989    0.9938    0.8389  0.007551  0.004191 0.0001803
   587/599        0G   0.01895   0.01376  0.007308   0.04002         8       640    0.9708    0.9987    0.9939    0.8382  0.007519  0.004168 0.0001841
   588/599        0G   0.02075   0.01374  0.007206   0.04169         7       640    0.9757    0.9998    0.9954    0.8502  0.007369  0.004097 0.0001852
   589/599        0G   0.01857   0.01374  0.006164   0.03848         8       640    0.9798    0.9991    0.9954    0.8533  0.007311   0.00404 0.0001848
   590/599        0G    0.0198   0.01278  0.006553   0.03913        11       640    0.9726    0.9983    0.9946    0.8421  0.007628  0.004034 0.0001823
   591/599        0G    0.0195   0.01317  0.007547   0.04022        12       640    0.9869    0.9878    0.9947    0.8395  0.007592  0.004015 0.0001852
   592/599        0G   0.01837    0.0136  0.005882   0.03785         8       640    0.9955     0.991    0.9954    0.8456  0.007658  0.003987 0.0001831
   593/599        0G   0.02015   0.01413  0.008106   0.04238        12       640    0.9939    0.9934    0.9954    0.8421  0.007675  0.003959 0.0001777
   594/599        0G   0.01923    0.0131  0.006185   0.03851         6       640    0.9814    0.9984    0.9953      0.85   0.00752  0.003949 0.0001793
   595/599        0G   0.01868   0.01288  0.006179   0.03774        10       640    0.9809    0.9914    0.9953    0.8535  0.007358  0.003983 0.0001888
   596/599        0G   0.01822   0.01252  0.007769   0.03851        11       640    0.9787    0.9951    0.9953    0.8512  0.007441  0.003948 0.0001901
   597/599        0G   0.01822   0.01268  0.006209   0.03711        16       640    0.9809    0.9954    0.9953    0.8477  0.007374  0.003943 0.0001952
   598/599        0G   0.01744   0.01204  0.005715    0.0352        13       640     0.981    0.9992    0.9954    0.8481  0.007811  0.003983  0.000199
   599/599        0G   0.01899   0.01243   0.00631   0.03773        16       640    0.9806    0.9995    0.9954    0.8387  0.007843  0.003967 0.0001886
