     0/399        0G   0.09314   0.02908   0.03232    0.1545         6       640 0.0003656    0.1778 0.0004923 8.094e-05   0.06406   0.02222   0.02386
     1/399        0G   0.09263   0.02789   0.03283    0.1533         5       640 0.0001398   0.06667 2.405e-05 4.431e-06   0.06152   0.02151   0.02385
     2/399        0G    0.0915   0.02827   0.03324     0.153         5       640 9.496e-05   0.04444 1.166e-05 2.994e-06   0.05939   0.02074   0.02382
     3/399        0G   0.08249   0.02737     0.031    0.1409         5       640 0.0005476    0.1889 0.0003007 4.296e-05   0.05705   0.02017   0.02377
     4/399        0G   0.07979   0.02652   0.03159    0.1379         5       640 0.0004107       0.2 0.0003601 5.135e-05   0.05509   0.01973    0.0237
     5/399        0G   0.07769   0.02737   0.03164    0.1367         6       640 0.0004081       0.2 0.0006591 0.0001342   0.05358   0.01927   0.02366
     6/399        0G   0.08168   0.02603    0.0336    0.1413         6       640  0.006909   0.01111  0.001484 0.0002711   0.05525   0.01836   0.02349
     7/399        0G   0.07752   0.02675   0.03162    0.1359         5       640 0.0009823    0.1333  0.000255 4.711e-05   0.08463   0.05023   0.07492
     8/399        0G   0.07215   0.02488   0.03019    0.1272         4       640  0.001645    0.2444 0.0006846 0.0001274   0.08507   0.03615   0.07844
     9/399        0G    0.0765   0.02781   0.03152    0.1358         3       640  0.001024       0.1 0.0001887 4.452e-05   0.08975    0.2805     0.122
    10/399        0G   0.07781   0.02845   0.03244    0.1387         6       640  0.001979    0.1333  0.001081 0.0002057   0.07709   0.07201   0.05525
    11/399        0G   0.07374   0.02763    0.0322    0.1336         7       640  0.001395    0.3333  0.000677 0.0001242   0.07385   0.04879   0.04548
    12/399        0G   0.07423    0.0279   0.03181    0.1339         3       640  0.002426    0.1778 0.0008547  0.000189   0.06682   0.01818   0.03082
    13/399        0G   0.06496   0.02528   0.02852    0.1188         4       640  0.001046    0.1222 0.0003348 5.166e-05   0.06037   0.01555   0.02499
    14/399        0G    0.0667   0.02565   0.02796    0.1203         6       640  0.003519   0.02222 0.0007996 0.0001467    0.0553   0.01591   0.02294
    15/399        0G   0.06712   0.02519   0.02819    0.1205         4       640  0.003176   0.03333  0.001085 0.0001371   0.04956   0.01621   0.02251
    16/399        0G   0.06976   0.02477   0.02855    0.1231         4       640  0.001503   0.08889 0.0007697 0.0001259   0.05177   0.01609   0.02284
    17/399        0G   0.06987   0.02572   0.02896    0.1245         1       640  0.002246   0.02222 0.0009055 0.0001583   0.05007   0.01567   0.02285
    18/399        0G   0.06996   0.02544   0.02975    0.1251         4       640  0.004933   0.01111  0.001075 0.0001464   0.05025   0.01544   0.02304
    19/399        0G   0.06786   0.02616   0.02796     0.122         3       640  0.001755   0.07778 0.0008586 0.0001818   0.04938   0.01545   0.02303
    20/399        0G   0.06482    0.0236    0.0279    0.1163         4       640  0.002995    0.1222  0.001438 0.0002574   0.04957   0.01519   0.02272
    21/399        0G   0.06548   0.02309   0.02757    0.1161         6       640  0.002298    0.2778  0.001935 0.0003439   0.04781   0.01544   0.02266
    22/399        0G   0.06889   0.02441   0.02915    0.1224         4       640  0.001727    0.2222  0.001783 0.0003296   0.04823   0.01525    0.0223
    23/399        0G   0.06232   0.02415   0.02795    0.1144         3       640  0.008269   0.01111  0.002276 0.0003131   0.04985   0.01414   0.02242
    24/399        0G   0.06599   0.02569   0.02763    0.1193         6       640  0.002385    0.1111  0.001601 0.0002724   0.04867   0.01437   0.02198
    25/399        0G   0.06727   0.02551   0.02812    0.1209         5       640  0.003943   0.01111  0.001287  0.000268   0.05018   0.01414   0.02212
    26/399        0G    0.0655   0.02554   0.02722    0.1183         4       640  0.002264   0.07778  0.001268 0.0001935   0.04895   0.01438   0.02255
    27/399        0G   0.06737   0.02695   0.02796    0.1223         7       640  0.005006    0.1111  0.002163 0.0003577   0.04682   0.01489   0.02223
    28/399        0G   0.06327   0.02537   0.02658    0.1152         4       640  0.006832    0.1111   0.00315 0.0005397    0.0476   0.01483   0.02171
    29/399        0G   0.06995     0.024   0.02875    0.1227         5       640  0.005439       0.1  0.003394 0.0005691   0.04799   0.01479   0.02186
    30/399        0G   0.06423   0.02343   0.02723    0.1149         4       640   0.00726    0.1111   0.00347 0.0005992   0.04717   0.01471   0.02174
    31/399        0G   0.06812   0.02561   0.02765    0.1214         7       640   0.00702   0.03333  0.003863   0.00106   0.04805   0.01464   0.02123
    32/399        0G   0.06584   0.02419   0.02757    0.1176         2       640   0.01678   0.04444  0.006006  0.001001   0.04909   0.01451   0.02146
    33/399        0G   0.06713    0.0249   0.02753    0.1196         6       640   0.05161   0.04444     0.016  0.002583   0.05053   0.01408   0.02102
    34/399        0G   0.07021   0.02485    0.0279     0.123         6       640   0.04123   0.06667   0.01738  0.003766   0.04963     0.014   0.02057
    35/399        0G   0.06293   0.02617   0.02574    0.1148         5       640   0.01748   0.08889  0.009777  0.001414   0.04871   0.01397   0.02073
    36/399        0G   0.06483   0.02486   0.02598    0.1157         5       640  0.007964   0.06667  0.005106 0.0007946   0.05044   0.01369   0.02113
    37/399        0G   0.06408   0.02734   0.02791    0.1193         6       640   0.01344   0.04156  0.006251 0.0008551   0.04849   0.01406   0.02135
    38/399        0G   0.05872   0.02579    0.0259    0.1104         4       640   0.06671   0.04444   0.02002  0.003161   0.04662    0.0144    0.0216
    39/399        0G   0.06553   0.02443   0.02601     0.116         6       640   0.03768   0.08889   0.01463  0.003328   0.04368   0.01494   0.02188
    40/399        0G   0.07246    0.0227   0.02705    0.1222         3       640   0.02014   0.08889    0.0156  0.003401   0.04209   0.01523   0.02219
    41/399        0G   0.06621   0.02528   0.02649     0.118         5       640   0.01838    0.1222    0.0218  0.005424   0.04107   0.01536   0.02276
    42/399        0G   0.07031   0.02544   0.02804    0.1238         5       640   0.02586    0.1111   0.01959  0.003559   0.04207   0.01518    0.0227
    43/399        0G   0.06715   0.02436   0.02584    0.1174         6       640   0.05523   0.07778   0.04314   0.01082     0.042   0.01487   0.02197
    44/399        0G   0.06195   0.02476   0.02502    0.1117         6       640   0.07885   0.04444   0.04468   0.01102   0.04273   0.01457   0.02163
    45/399        0G   0.06419    0.0232   0.02569    0.1131         3       640   0.04219   0.05556   0.02714  0.006652   0.04067   0.01477   0.02183
    46/399        0G   0.06815   0.02437   0.02721    0.1197         4       640   0.07384   0.08889   0.03155  0.005831   0.04494   0.01348   0.02117
    47/399        0G   0.06576   0.02352   0.02726    0.1165         3       640   0.04202   0.06667   0.01471  0.002707   0.05081   0.01211   0.02096
    48/399        0G   0.06252   0.02369    0.0246    0.1108         5       640   0.07208    0.1556   0.04932  0.009637   0.04489   0.01337   0.02036
    49/399        0G   0.06759   0.02652   0.02714    0.1212         6       640   0.08652    0.1333   0.07103   0.01362   0.03956   0.01478   0.02056
    50/399        0G   0.06621   0.02351   0.02581    0.1155         4       640   0.08649       0.2   0.07393   0.02406   0.04073   0.01428   0.01989
    51/399        0G   0.06235   0.02338    0.0245    0.1102         5       640   0.08995       0.1    0.0756   0.02392   0.04182   0.01379   0.01972
    52/399        0G   0.06204    0.0235   0.02408    0.1096         6       640    0.4224    0.2222    0.0776   0.02647    0.0408   0.01399   0.01971
    53/399        0G   0.06795   0.02406   0.02573    0.1177         3       640    0.3976    0.1889   0.08379   0.02836   0.04016   0.01427   0.01936
    54/399        0G   0.06761   0.02407   0.02521    0.1169         1       640    0.4844    0.1333   0.06122   0.01502   0.04037   0.01406    0.0194
    55/399        0G   0.06517   0.02652   0.02501    0.1167         6       640    0.4915    0.1333   0.08233   0.02297   0.03922   0.01413   0.01852
    56/399        0G   0.06729   0.02483   0.02594    0.1181         6       640    0.5017    0.3138    0.1768   0.05013    0.0385   0.01468   0.01844
    57/399        0G   0.05678   0.02421    0.0212    0.1022         5       640    0.6068    0.3153    0.2075   0.04794   0.03862   0.01464   0.01806
    58/399        0G   0.05989   0.02584   0.02229     0.108         4       640    0.5555    0.2333   0.09834   0.02709   0.04246   0.01356   0.01778
    59/399        0G   0.06247    0.0222   0.02404    0.1087         6       640    0.3766    0.1778   0.02758  0.005738   0.04694   0.01297   0.01841
    60/399        0G   0.06413   0.02539   0.02174    0.1113         3       640    0.3754    0.1667    0.0243  0.005589   0.04917   0.01256   0.01839
    61/399        0G   0.06712    0.0234   0.02176    0.1123         5       640    0.4062    0.1556   0.05509   0.01353    0.0412   0.01443   0.01462
    62/399        0G   0.05927   0.02552   0.02028    0.1051         6       640    0.4576    0.2556    0.1075   0.02463   0.03967   0.01504   0.01547
    63/399        0G   0.06174   0.02567   0.01942    0.1068         2       640    0.4886    0.1778    0.1179   0.02965   0.04001   0.01454   0.01472
    64/399        0G   0.06088   0.02317   0.02076    0.1048         2       640    0.5281    0.1931    0.1166   0.02952   0.04115   0.01398   0.01456
    65/399        0G   0.06281   0.02542   0.02073     0.109         2       640    0.7078    0.1778   0.05184   0.01069   0.04078   0.01384   0.01678
    66/399        0G   0.06071   0.02642   0.01868    0.1058         3       640    0.6223    0.1998   0.07528   0.02142   0.04247   0.01372   0.01554
    67/399        0G   0.06011   0.02213   0.01828    0.1005         5       640    0.7225    0.2774    0.1672   0.04324   0.03913   0.01397   0.01231
    68/399        0G     0.053   0.02305   0.01767   0.09372         5       640    0.7897    0.1778    0.1713   0.05479   0.03498   0.01526   0.01316
    69/399        0G   0.06463   0.02371   0.01854    0.1069         6       640    0.8318    0.1778    0.1624   0.05442   0.03676   0.01469   0.01606
    70/399        0G   0.05375   0.02548   0.01814   0.09737         6       640    0.9025   0.08889    0.1726   0.05073   0.03663   0.01569   0.01829
    71/399        0G   0.06013   0.02356   0.01786    0.1016         5       640    0.8742      0.11    0.1942   0.06032   0.03618   0.01477   0.01736
    72/399        0G   0.05971   0.02589   0.01708    0.1027         7       640    0.8466    0.1333    0.2208   0.07166   0.03452    0.0145   0.01414
    73/399        0G     0.058   0.02396   0.01479   0.09675         3       640    0.7747    0.1866    0.1499   0.03282   0.03943   0.01469   0.01984
    74/399        0G    0.0558   0.02207   0.01811   0.09598         3       640    0.8628    0.1444    0.1841   0.04531   0.04114   0.01424   0.01642
    75/399        0G   0.05723   0.02591   0.01622   0.09935         2       640    0.4322    0.4556    0.1111   0.02827   0.03959   0.01389  0.008618
    76/399        0G   0.06019   0.02648   0.01805    0.1047         7       640    0.5135    0.2556    0.1746   0.04735   0.03787   0.01378   0.00744
    77/399        0G   0.06142   0.02519   0.01644    0.1031         5       640    0.5218    0.2556    0.1663   0.04619   0.03393   0.01476  0.009737
    78/399        0G    0.0541   0.02541   0.01309    0.0926         3       640    0.4587    0.3412    0.1348   0.04069   0.03458   0.01593   0.01252
    79/399        0G   0.05135   0.02437   0.01303   0.08875         3       640     0.382    0.3556   0.06351   0.01704    0.0362   0.01713   0.02118
    80/399        0G    0.0567   0.02545   0.01608   0.09823         2       640    0.5857    0.1322    0.1576   0.03999   0.03621   0.01447  0.008884
    81/399        0G   0.06201   0.02609   0.01777    0.1059         3       640    0.6644       0.2    0.2226   0.06123   0.03407   0.01627  0.008868
    82/399        0G   0.05546   0.02232   0.01529   0.09307         5       640    0.7247    0.2097     0.258   0.08097    0.0344   0.01435  0.007201
    83/399        0G   0.05723    0.0245   0.01463   0.09636         3       640    0.5007    0.2333    0.1389   0.03891   0.04142   0.01376  0.008888
    84/399        0G   0.06346   0.02812     0.014    0.1056         7       640    0.4781    0.2222     0.124    0.0312    0.0414   0.01341   0.01004
    85/399        0G   0.06199   0.02389   0.01519    0.1011         3       640    0.5418    0.2284    0.1849   0.06136   0.03698   0.01358   0.01345
    86/399        0G   0.05888   0.02706   0.01485    0.1008         5       640    0.1545    0.4444    0.1637   0.05412   0.03852   0.01296  0.006506
    87/399        0G   0.05176     0.026   0.01302   0.09078         5       640    0.1062    0.4556    0.1316   0.02469   0.04017   0.01277  0.006856
    88/399        0G   0.05604   0.02212   0.01312   0.09128         2       640    0.4818    0.2778    0.1626    0.0405   0.03597   0.01431  0.009912
    89/399        0G   0.05716    0.0241   0.01691   0.09818         5       640    0.4525    0.1889   0.09589   0.02086   0.03703    0.0138  0.009635
    90/399        0G   0.05282   0.02195   0.01453    0.0893         2       640    0.6022    0.1778    0.1733   0.04602   0.03537   0.01338  0.008265
    91/399        0G   0.05704   0.02468   0.01485   0.09657         8       640     0.582    0.2778    0.1926   0.06805   0.03316   0.01415  0.008162
    92/399        0G   0.05849   0.02404   0.01531   0.09784         5       640     0.632       0.3     0.259   0.06464   0.03694   0.01345  0.007834
    93/399        0G   0.06202   0.02598   0.01365    0.1017         7       640    0.7356       0.2    0.2927   0.07741   0.03468   0.01369   0.00578
    94/399        0G   0.05737    0.0237   0.01572   0.09679         5       640    0.6441    0.2884    0.3262    0.1072   0.03433   0.01441  0.006651
    95/399        0G   0.05364   0.02262   0.01357   0.08984         2       640    0.5958    0.2316    0.2745   0.08448    0.0332   0.01511   0.01077
    96/399        0G   0.05922   0.02528   0.01483   0.09933         5       640    0.5118    0.2548    0.1229   0.02498   0.04215   0.01419   0.01084
    97/399        0G   0.05353    0.0257    0.0143   0.09352         6       640    0.1053    0.3667    0.1208   0.02706   0.03978   0.01403   0.01115
    98/399        0G   0.04849   0.02254    0.0127   0.08374         6       640    0.1537    0.5333    0.2215   0.06171   0.03538   0.01499   0.01275
    99/399        0G   0.04893    0.0238     0.012   0.08473         3       640    0.1781    0.6556    0.3483   0.09432   0.03226   0.01456  0.007837
   100/399        0G   0.05273   0.02331   0.01418   0.09022         8       640    0.2038    0.4778    0.2624   0.08025   0.03343   0.01459   0.01474
   101/399        0G   0.05836   0.02257     0.011   0.09194         6       640    0.5646    0.3889    0.3055   0.09152   0.03251   0.01364  0.004124
   102/399        0G   0.05142   0.02516   0.01163   0.08821         5       640    0.1976    0.4848    0.2265   0.08483    0.0327   0.01649   0.02348
   103/399        0G   0.05337   0.02591   0.01049   0.08978         4       640    0.7851    0.2217    0.2526    0.0835     0.032   0.01524   0.01507
   104/399        0G   0.04645   0.02113   0.01088   0.07846         4       640    0.5843       0.3    0.2782    0.0626   0.03261   0.01341  0.005663
   105/399        0G     0.054   0.02662   0.01401   0.09463         5       640    0.7499    0.1778    0.1076   0.03431   0.03876   0.01498   0.03468
   106/399        0G   0.04921   0.02355   0.01313   0.08588         3       640    0.7039    0.2778    0.1895   0.07272   0.03801   0.01408    0.0191
   107/399        0G   0.05404   0.02633   0.01159   0.09196         7       640      0.27    0.4543    0.2866    0.1131   0.03232   0.01346  0.004908
   108/399        0G   0.05217    0.0232   0.01092   0.08629         2       640     0.619    0.3333    0.2904    0.1052   0.03139   0.01366  0.005781
   109/399        0G   0.05009   0.02391    0.0102    0.0842         5       640    0.3477    0.4517    0.3913    0.1373   0.03098   0.01401  0.004982
   110/399        0G   0.05059   0.02479  0.009903   0.08528         3       640    0.2876    0.4679    0.3219    0.1077   0.03109   0.01358  0.004736
   111/399        0G   0.05104   0.02357   0.01321   0.08782         3       640    0.3618    0.4667    0.3628    0.1078   0.03011   0.01366  0.004725
   112/399        0G   0.05469   0.02627   0.01356   0.09452         3       640    0.8157    0.2883    0.3921    0.1199   0.03238   0.01519  0.003605
   113/399        0G   0.05286   0.02263   0.01377   0.08925         5       640    0.8104    0.3222    0.4399    0.1879   0.03084   0.01519   0.01014
   114/399        0G   0.05011   0.02516  0.009599   0.08486         4       640    0.4716    0.3778    0.3786    0.1309   0.03765   0.01279  0.008434
   115/399        0G   0.04739   0.02367   0.01012   0.08118         4       640    0.4937    0.5111    0.4291    0.1487   0.03609   0.01268  0.006071
   116/399        0G   0.05284   0.02406   0.01158   0.08848         3       640    0.3527    0.3885     0.276   0.09144   0.03378   0.01303  0.009371
   117/399        0G   0.04169   0.02082  0.008881   0.07139         3       640    0.9161    0.2756    0.4217    0.1748   0.03091   0.01376  0.006958
   118/399        0G   0.05047   0.02457   0.01224   0.08728         6       640    0.2683    0.5333    0.3483    0.1172   0.03109   0.01356  0.005469
   119/399        0G   0.05323   0.02411   0.01175   0.08909         2       640     0.183       0.5     0.235   0.05997   0.03717   0.01416    0.0053
   120/399        0G   0.05155   0.02506   0.01227   0.08889         5       640    0.2349    0.4556    0.3082   0.09944   0.03174   0.01389  0.005374
   121/399        0G   0.05083   0.02521   0.01006    0.0861         6       640    0.4361    0.3387    0.3308    0.1184   0.03195   0.01234  0.004159
   122/399        0G   0.04416   0.02321   0.01249   0.07985         2       640    0.3842    0.4556     0.376    0.1294   0.03069   0.01293  0.003774
   123/399        0G   0.05226   0.02377  0.009489   0.08552         5       640     0.281    0.4876    0.3074     0.115   0.03179   0.01513  0.008998
   124/399        0G   0.04574   0.02356   0.01084   0.08014         6       640    0.2969    0.4111    0.2181   0.08289   0.03602   0.01517    0.0285
   125/399        0G   0.04562   0.02441  0.009865    0.0799         7       640    0.3726    0.2333    0.2315   0.07051   0.03813   0.01312   0.01681
   126/399        0G   0.04717   0.02356  0.009141   0.07987         4       640      0.57     0.274     0.338    0.1147   0.03256   0.01346   0.01028
   127/399        0G   0.04765   0.02077  0.009606   0.07803         3       640    0.3731    0.3081    0.2941    0.1024   0.03204   0.01341   0.01048
   128/399        0G   0.05185   0.02378   0.01298   0.08861         4       640    0.6764    0.2667    0.3302    0.1134   0.02866   0.01495  0.005244
   129/399        0G    0.0482   0.02412  0.009098   0.08142         6       640    0.6804    0.3632    0.3652    0.1216    0.0297   0.01727  0.006344
   130/399        0G   0.04399   0.02074   0.01148   0.07621         2       640    0.8432    0.3436    0.5246    0.1906   0.02857   0.01416   0.00325
   131/399        0G   0.04936   0.02409   0.01016   0.08361         5       640    0.4274    0.4667    0.5216    0.2211   0.02921   0.01269  0.003334
   132/399        0G   0.04911   0.02536  0.009874   0.08434         5       640    0.3817       0.4     0.477    0.2093   0.02942    0.0125  0.002906
   133/399        0G   0.04784   0.02445   0.01197   0.08427         5       640    0.3583    0.5333    0.3738     0.142   0.03058   0.01241  0.008559
   134/399        0G   0.04769   0.02364  0.009239   0.08057         7       640     0.685    0.3881    0.3759    0.1551   0.02985   0.01308   0.00636
   135/399        0G   0.04174   0.02376   0.01036   0.07587         4       640    0.7594    0.3889    0.4081     0.187    0.0305   0.01354  0.006944
   136/399        0G    0.0507   0.02429   0.01153   0.08652         4       640     0.649    0.4103    0.3733    0.1486    0.0311   0.01414  0.007694
   137/399        0G   0.05069   0.02412  0.009996    0.0848         3       640    0.4084    0.6103    0.5007    0.2019   0.02986   0.01343  0.003401
   138/399        0G   0.04593   0.02218  0.009957   0.07806         6       640    0.4308    0.5333    0.4632    0.1874   0.03234   0.01332  0.005313
   139/399        0G   0.04832   0.02277   0.01226   0.08335         3       640    0.2044    0.5738    0.3394    0.1486   0.03371   0.01514    0.0202
   140/399        0G      0.05   0.02504   0.01077   0.08581         8       640    0.7685    0.3015    0.3688    0.1497   0.03206   0.01371   0.01131
   141/399        0G   0.04804   0.02282  0.009524   0.08038         3       640     0.407    0.4667    0.3806    0.1346     0.029   0.01347  0.006507
   142/399        0G   0.04334   0.02103   0.00973   0.07409         5       640    0.5586    0.4799    0.4936    0.2118   0.02684   0.01283  0.003282
   143/399        0G   0.04858   0.02283  0.007157   0.07857         4       640    0.5263    0.5696     0.529     0.217   0.02658   0.01294  0.002971
   144/399        0G   0.05129   0.02483    0.0106   0.08672         6       640    0.5086    0.5543    0.5292    0.1784   0.02809   0.01287  0.003968
   145/399        0G   0.04361   0.02245  0.008952   0.07501         3       640    0.4622    0.6778    0.5281    0.1999   0.02769   0.01264  0.004398
   146/399        0G   0.04744   0.02647   0.00894   0.08285         3       640    0.3838     0.593    0.4865    0.2224   0.02938   0.01255  0.004951
   147/399        0G    0.0448   0.02339  0.009852   0.07804         4       640    0.4179    0.6429    0.5297    0.2483   0.02596   0.01283  0.004872
   148/399        0G    0.0507   0.02423  0.009529   0.08446         3       640    0.4474    0.6445    0.5419    0.2432    0.0258   0.01264  0.003504
   149/399        0G   0.04692   0.02453   0.00852   0.07997         5       640    0.5776    0.5889    0.5774    0.2555   0.02439   0.01253  0.003088
   150/399        0G   0.04397   0.02186   0.01089   0.07672         4       640    0.5257    0.5333     0.571    0.2483   0.02665   0.01372  0.005619
   151/399        0G   0.04398   0.02215  0.008237   0.07437         5       640    0.9229    0.2487    0.4249    0.1516   0.03506   0.01655    0.0217
   152/399        0G   0.04815    0.0225  0.008514   0.07917         6       640    0.8333    0.3315    0.4295    0.1918   0.03387   0.01633   0.02404
   153/399        0G    0.0468    0.0228   0.01101   0.08061         5       640     0.811    0.5432    0.6372    0.2195    0.0295   0.01232  0.003469
   154/399        0G   0.04216   0.02233   0.00761    0.0721         5       640    0.5436    0.6222    0.6111    0.2511   0.02633   0.01184  0.003524
   155/399        0G   0.04708     0.024  0.008594   0.07967         7       640     0.615    0.5633    0.6044     0.243   0.02577   0.01188  0.002571
   156/399        0G   0.04633   0.02299  0.009194   0.07852         6       640    0.5277    0.6111    0.5983    0.2903   0.02528   0.01237  0.002328
   157/399        0G   0.04285     0.022   0.01006   0.07491         5       640    0.5442    0.6556    0.6081    0.2585   0.02622   0.01221  0.002003
   158/399        0G   0.04722   0.02559  0.009085   0.08189         4       640    0.6082    0.6111     0.588     0.267   0.02593   0.01235  0.002616
   159/399        0G   0.04263   0.02092  0.008959   0.07251         5       640    0.5229    0.4998    0.4703    0.2152   0.02799   0.01245  0.004122
   160/399        0G   0.04504   0.02254  0.009234   0.07681         5       640     0.598    0.6382     0.588    0.2774   0.02591   0.01167  0.002383
   161/399        0G   0.03915   0.02026  0.007961   0.06737         4       640    0.5873    0.5762    0.5989    0.2783   0.02725   0.01144  0.002143
   162/399        0G   0.04163   0.02113  0.007772   0.07053         3       640    0.6656     0.584    0.6234    0.2474   0.02786   0.01138  0.001883
   163/399        0G   0.04853     0.024  0.009133   0.08166         8       640    0.6256    0.6448    0.6547    0.3341   0.02505   0.01174  0.002782
   164/399        0G   0.04437   0.02194  0.007096   0.07341         6       640    0.6336    0.5885    0.6087    0.2862   0.02621   0.01237  0.002545
   165/399        0G    0.0432    0.0219   0.01059   0.07569         5       640    0.6842    0.5896    0.6127    0.3255    0.0244   0.01274  0.003157
   166/399        0G   0.04252   0.02249  0.007217   0.07223         7       640    0.6943    0.3195    0.3584    0.1338   0.03284   0.01317   0.01269
   167/399        0G     0.044   0.02162  0.009943   0.07557         2       640    0.6485     0.497    0.5181     0.259   0.02769   0.01195   0.00608
   168/399        0G   0.03979   0.02051  0.007033   0.06734         4       640    0.7239    0.4428    0.5651    0.2467   0.02971   0.01169  0.006138
   169/399        0G   0.04193   0.02274   0.00833   0.07299         5       640    0.5687    0.5444    0.5055    0.2021   0.02865   0.01243   0.01466
   170/399        0G   0.04351   0.02403  0.009579   0.07711         4       640    0.2988    0.5111    0.3468    0.1287   0.02984   0.01374   0.02105
   171/399        0G   0.04675   0.02214   0.01301    0.0819         7       640    0.6478       0.6    0.6485    0.3224   0.02523   0.01172  0.001904
   172/399        0G   0.04024   0.02098  0.008042   0.06926         4       640    0.5492    0.6905    0.6345    0.3386   0.02462   0.01154  0.002558
   173/399        0G   0.03997   0.02033  0.008744   0.06904         4       640    0.6019    0.6104    0.6173     0.264   0.02858   0.01132  0.001946
   174/399        0G   0.04215   0.02094  0.007302    0.0704         6       640    0.6463      0.64    0.6493    0.3433   0.02588   0.01103  0.001829
   175/399        0G    0.0414   0.01966  0.007304   0.06836         4       640    0.6753    0.6778    0.6784    0.3689   0.02502   0.01096  0.001877
   176/399        0G   0.04227   0.02313    0.0103   0.07569         1       640    0.6818    0.6664    0.7362    0.3644     0.026   0.01101  0.001402
   177/399        0G   0.04375   0.02422   0.01056   0.07853         6       640    0.5491    0.8444    0.7945    0.4021   0.02362   0.01147   0.00146
   178/399        0G   0.03954   0.01977  0.007696     0.067         2       640    0.5596    0.7964    0.7769    0.3674   0.02331   0.01152  0.001758
   179/399        0G   0.04398   0.02227  0.006731   0.07298         4       640     0.643     0.711    0.7065    0.3329   0.02324    0.0113   0.00165
   180/399        0G    0.0377   0.02212  0.008907   0.06872         3       640    0.7048    0.6737    0.7172    0.3687   0.02371    0.0113   0.00146
   181/399        0G   0.04398   0.02377  0.009265   0.07701         2       640    0.7154    0.6583    0.7275    0.3474   0.02333   0.01127  0.001627
   182/399        0G   0.03961     0.021  0.009479   0.07009         6       640    0.5606    0.6433    0.5954    0.2935   0.02659   0.01249  0.005839
   183/399        0G   0.04283   0.02207  0.007037   0.07193         7       640    0.6903    0.6922    0.7367    0.3305   0.02465   0.01115  0.001678
   184/399        0G   0.03776   0.02227  0.007726   0.06775         5       640    0.6823    0.7093    0.7301     0.316   0.02516   0.01131  0.001557
   185/399        0G   0.04268   0.02229  0.009069   0.07404         6       640    0.7109    0.7111    0.7914    0.4128   0.02312   0.01091  0.001953
   186/399        0G   0.04439   0.02201  0.009843   0.07624         6       640    0.6577     0.762    0.7952    0.3996    0.0241   0.01082  0.003172
   187/399        0G   0.04138    0.0206  0.006291   0.06827         5       640     0.678    0.7556    0.7619    0.3493   0.02283   0.01072  0.001953
   188/399        0G   0.03925   0.02103  0.006136   0.06642         3       640    0.6054    0.6556    0.6667    0.3333   0.02493   0.01069  0.002417
   189/399        0G   0.03814   0.02111  0.007733   0.06697         4       640    0.6124    0.7332    0.7005    0.3784   0.02281   0.01108  0.002135
   190/399        0G   0.03663   0.02049  0.008365   0.06548         5       640    0.7196     0.578    0.6676    0.3337   0.02428    0.0118  0.001967
   191/399        0G   0.03899   0.02216  0.006308   0.06746         6       640    0.6573    0.5836    0.6404    0.3142   0.02433   0.01178  0.002678
   192/399        0G   0.04684   0.02287   0.01021   0.07993         5       640    0.6599    0.6879    0.7119    0.3743   0.02366   0.01097  0.001301
   193/399        0G   0.03695   0.01883    0.0059   0.06168         4       640    0.7655    0.6838    0.7943    0.4314    0.0233   0.01075  0.001439
   194/399        0G   0.04176   0.02023  0.005045   0.06703         3       640    0.7787    0.6776    0.7768    0.4347   0.02197   0.01035  0.001866
   195/399        0G   0.03903   0.02069  0.008097   0.06781         5       640    0.7225    0.7772     0.819    0.4458   0.02074   0.01027  0.001545
   196/399        0G   0.03906   0.02149   0.01059   0.07115         4       640    0.7521    0.7639    0.8204    0.4465   0.02157   0.01016   0.00178
   197/399        0G   0.03969   0.01924  0.007201   0.06613         2       640    0.7404    0.7886    0.8066    0.4332   0.02079   0.01028  0.001686
   198/399        0G   0.03804   0.02117  0.008087    0.0673         3       640     0.724    0.7683    0.7821    0.4042   0.02124   0.01096  0.001909
   199/399        0G   0.04151   0.02329  0.007231   0.07203         2       640    0.6403    0.7136    0.6791     0.363   0.02279   0.01275  0.002908
   200/399        0G    0.0378   0.01897  0.006839   0.06361         2       640    0.5928    0.6822    0.6762    0.3572   0.02336    0.0126  0.003489
   201/399        0G   0.03667   0.02104  0.006536   0.06425         6       640    0.7735    0.6333     0.717    0.3921   0.02262   0.01186  0.002463
   202/399        0G   0.04124   0.01996  0.008963   0.07017         3       640    0.7157    0.7309    0.7622    0.3843   0.02293   0.01105   0.00175
   203/399        0G   0.03559   0.02039  0.007694   0.06368         3       640    0.7211    0.7667     0.795    0.4506   0.02466   0.01044  0.001532
   204/399        0G   0.04347   0.02288  0.006992   0.07334         4       640    0.6503    0.7556    0.7199    0.4094    0.0251   0.01076  0.001851
   205/399        0G   0.03728   0.01903  0.007788    0.0641         1       640    0.7446    0.7972    0.8084     0.439     0.021   0.00993  0.001667
   206/399        0G   0.03683   0.01918  0.005556   0.06156         7       640    0.7548       0.8    0.8456    0.4857   0.02068  0.009657  0.001711
   207/399        0G   0.03802    0.0183  0.006897   0.06321         4       640     0.729    0.7882    0.8358    0.4836   0.02208  0.009672  0.001759
   208/399        0G   0.03858   0.02072   0.00729   0.06659         6       640    0.7805    0.7313    0.8068    0.4163   0.02481  0.009346   0.00135
   209/399        0G   0.03843   0.01958  0.006382   0.06439         3       640    0.7791    0.6975     0.773    0.4496   0.02225  0.009406  0.001355
   210/399        0G   0.04051   0.01972  0.006226   0.06646         6       640    0.8139    0.7111    0.8103       0.4   0.02436  0.009382   0.00119
   211/399        0G   0.04403   0.02095  0.006653   0.07163         3       640    0.8716    0.6778    0.8186    0.4549   0.02148  0.009509  0.001687
   212/399        0G   0.03619   0.01892  0.005849   0.06096         2       640    0.7227    0.7286    0.7581    0.4355   0.02083  0.009576  0.002655
   213/399        0G   0.03676   0.02044  0.005353   0.06255         5       640    0.7987    0.7776    0.8137    0.4837    0.0209  0.009335  0.001295
   214/399        0G   0.03694   0.01809  0.006202   0.06123         2       640    0.6974    0.6872     0.691    0.3946   0.02372   0.01094  0.003754
   215/399        0G   0.03921    0.0189  0.007166   0.06528         3       640    0.5936    0.5889    0.5114    0.2883   0.02444   0.01056    0.0115
   216/399        0G    0.0372    0.0184  0.007822   0.06342         2       640    0.5499    0.5327    0.4622    0.2559   0.02432   0.01008    0.0168
   217/399        0G    0.0413   0.01956  0.007583   0.06844         6       640    0.7907    0.7556    0.8135    0.4982   0.02051  0.009252  0.001573
   218/399        0G   0.03407   0.01702  0.005336   0.05643         3       640    0.8124    0.6556    0.7679     0.461   0.02134  0.009606   0.00354
   219/399        0G   0.03688   0.02004  0.007317   0.06424         5       640    0.7728    0.7667    0.8246    0.4435   0.02164  0.009236  0.001014
   220/399        0G   0.03704   0.01806  0.007228   0.06233         6       640    0.7821    0.7774    0.8205    0.4905   0.01943  0.009391 0.0008061
   221/399        0G   0.03846   0.01908  0.006039   0.06358         7       640    0.8089    0.8222    0.8389    0.4973   0.02052  0.009653 0.0008875
   222/399        0G   0.03824   0.01972  0.006577   0.06453         5       640    0.7511    0.8222    0.8249    0.4763   0.02188  0.009438  0.001072
   223/399        0G   0.03503   0.01896  0.006801   0.06078         4       640    0.7917    0.8433    0.8573    0.5073    0.0202  0.009459 0.0009697
   224/399        0G   0.03849   0.02021  0.008297     0.067         5       640    0.8367    0.7722    0.8631    0.5197   0.01955  0.009119 0.0009978
   225/399        0G   0.03548   0.02029  0.005359   0.06113         6       640     0.792    0.7778    0.8454    0.5069   0.02014  0.009222  0.000972
   226/399        0G   0.03274   0.01675  0.005385   0.05487         2       640    0.8005       0.8    0.8643    0.5226   0.01958  0.009125 0.0008676
   227/399        0G   0.03798   0.01875  0.007509   0.06424         5       640    0.7474    0.7988    0.8154    0.5034   0.02094  0.009033 0.0009594
   228/399        0G   0.03716   0.01908  0.008027   0.06427         5       640     0.917    0.7653    0.8814    0.5529   0.01947  0.008818 0.0008801
   229/399        0G   0.03726   0.01928   0.00707   0.06362         1       640    0.8448    0.8553    0.8919    0.5546   0.02013  0.009007 0.0008538
   230/399        0G   0.03399   0.01652  0.006003   0.05652         3       640    0.8416    0.8477    0.9084    0.5552    0.0203  0.008842 0.0008515
   231/399        0G   0.04111   0.02021  0.006052   0.06737         6       640    0.8459    0.8124    0.8777     0.525   0.02092  0.008848  0.001574
   232/399        0G   0.03493   0.01897  0.005862   0.05975         5       640    0.7365    0.7951    0.7842    0.4236    0.0233  0.009065  0.002573
   233/399        0G   0.03787   0.01723  0.007366   0.06247         4       640    0.7132    0.7627    0.7638     0.422    0.0238   0.00904  0.003597
   234/399        0G   0.03607   0.02011  0.005153   0.06133         4       640    0.7403    0.8093    0.7929      0.46   0.02157   0.00892  0.002531
   235/399        0G    0.0363   0.02084  0.006614   0.06375         6       640    0.8664    0.8002     0.888    0.5452   0.01963  0.008759   0.00102
   236/399        0G   0.03753   0.01737  0.005742   0.06063         4       640    0.8594    0.7675    0.8714    0.5199   0.01978  0.008765  0.001052
   237/399        0G   0.03414   0.01736  0.005471   0.05697         4       640    0.8481    0.8073    0.8779    0.5197   0.02048  0.008808 0.0009742
   238/399        0G    0.0349   0.01866  0.005851   0.05942         5       640    0.7937    0.8301    0.8716    0.5273   0.01852  0.008793  0.001229
   239/399        0G   0.03626   0.01935  0.006884    0.0625         1       640    0.6521    0.8444    0.8117    0.4558   0.01992  0.009097  0.002301
   240/399        0G   0.03489   0.01937  0.006055   0.06032         5       640    0.7861    0.8778    0.8748    0.4657   0.02129  0.008653 0.0007392
   241/399        0G   0.03414   0.01759  0.006388   0.05812         5       640     0.883    0.7749    0.8718    0.4931   0.02098  0.008749 0.0009588
   242/399        0G   0.03636   0.01978  0.005927   0.06207         5       640    0.8967    0.7512     0.883    0.4902   0.02413  0.008585  0.001012
   243/399        0G   0.03655   0.01849  0.006088   0.06113         6       640    0.8948    0.7444     0.877    0.4994   0.02201  0.008943  0.000744
   244/399        0G   0.03749   0.01956  0.007187   0.06424         3       640    0.8217    0.8669    0.8804    0.5434   0.01972  0.009143 0.0007785
   245/399        0G   0.03476   0.01964  0.005802    0.0602         2       640    0.8311    0.7889    0.8624    0.4892   0.02133  0.009295 0.0009357
   246/399        0G   0.03454   0.01939   0.00561   0.05954         4       640    0.8107    0.8222    0.8659    0.5258   0.02054  0.008965 0.0007767
   247/399        0G    0.0329   0.01657  0.008669   0.05813         3       640    0.8356     0.767    0.8134    0.5093   0.02155  0.008684 0.0009821
   248/399        0G   0.03193   0.01907  0.004661   0.05566         6       640    0.8052    0.7207    0.7886    0.4862   0.02174  0.008888  0.001748
   249/399        0G   0.03284   0.01906   0.00529   0.05719         5       640    0.7742     0.832    0.8348    0.5308   0.01905  0.008467  0.001087
   250/399        0G   0.03381   0.01786  0.005178   0.05684         3       640    0.8285    0.7857    0.8664    0.5526   0.01808  0.008269  0.001099
   251/399        0G   0.03116   0.01811  0.005249   0.05452         2       640    0.7514    0.7042    0.7841    0.4836   0.02067  0.008667   0.00312
   252/399        0G   0.03078   0.01703  0.004656   0.05247         2       640    0.7762    0.7201    0.8233    0.5047   0.02141  0.008401  0.001841
   253/399        0G   0.03338   0.02021   0.00656   0.06015         7       640    0.7652    0.8444    0.8682     0.555   0.01945  0.008185  0.001018
   254/399        0G   0.03426   0.01861  0.004894   0.05776         5       640    0.8057     0.862    0.9076    0.5878   0.01821  0.008284  0.000836
   255/399        0G   0.03171   0.01704  0.003982   0.05273         2       640     0.756    0.9527    0.9157    0.5719   0.01899  0.008481  0.000806
   256/399        0G   0.03384   0.01832  0.004028   0.05618         5       640    0.8198    0.8869    0.9177    0.5867   0.01904  0.008505 0.0006986
   257/399        0G   0.03694   0.01994  0.006323   0.06321         5       640    0.8444    0.8598    0.9289    0.5923   0.01905  0.008462  0.000847
   258/399        0G   0.03147   0.01686  0.004172    0.0525         4       640    0.8475    0.8888    0.9253    0.5929   0.02052  0.008429 0.0008781
   259/399        0G   0.03433   0.01831  0.004683   0.05733         3       640    0.8787    0.8946    0.9361    0.5947   0.01882  0.008214 0.0006782
   260/399        0G   0.03149   0.01746  0.006568   0.05552         6       640    0.9226    0.8736    0.9312     0.614   0.01758  0.008221 0.0005609
   261/399        0G   0.03062   0.01598  0.005325   0.05192         3       640    0.8804    0.8889    0.9199    0.6005   0.01826   0.00833 0.0006076
   262/399        0G   0.03329   0.01845  0.006167   0.05791         4       640    0.8621       0.9    0.9153    0.6112   0.01767  0.008179 0.0007272
   263/399        0G   0.03031   0.01675  0.006076   0.05314         3       640    0.8305    0.8778    0.8998     0.568   0.01863  0.008323  0.001061
   264/399        0G   0.03293   0.01753   0.00572   0.05618         6       640    0.8066     0.887    0.8969    0.5776   0.01839  0.008483  0.001157
   265/399        0G   0.03523   0.01744  0.006756   0.05943         6       640    0.8057    0.9167    0.9009    0.5774   0.01799  0.008601  0.001253
   266/399        0G   0.03227   0.01683  0.004662   0.05375         4       640    0.9094    0.8529    0.9231    0.6161   0.01719  0.008577  0.001125
   267/399        0G   0.03409   0.01756  0.004474   0.05612         3       640    0.9082    0.8944    0.9459    0.6243   0.01774  0.008409 0.0008056
   268/399        0G   0.03499   0.01955  0.006041   0.06058         4       640    0.9048    0.8975     0.952    0.5981   0.01905  0.008264 0.0007626
   269/399        0G   0.03174   0.01592  0.004991   0.05264         7       640    0.8086    0.9331    0.9107    0.5735   0.01832  0.008544 0.0006293
   270/399        0G   0.03034   0.01665  0.007302   0.05429         4       640    0.8691    0.8671    0.9229    0.5875   0.01744  0.008663 0.0009773
   271/399        0G   0.03699   0.01882  0.004927   0.06073         6       640     0.839    0.8551    0.9161    0.5645   0.01912  0.008688  0.000976
   272/399        0G    0.0319   0.01758  0.004376   0.05386         4       640    0.8654    0.8552    0.9184    0.5708    0.0193  0.008381 0.0006576
   273/399        0G   0.03708   0.01763  0.004048   0.05876         6       640    0.8477    0.9235    0.9291    0.6018   0.01843  0.008135 0.0004973
   274/399        0G    0.0369   0.01909  0.005912    0.0619         7       640    0.8591    0.9307    0.9144    0.6013   0.01931   0.00756 0.0004323
   275/399        0G   0.03249   0.01748  0.005853   0.05582         6       640    0.8463    0.9237     0.922    0.6099   0.01715  0.007428 0.0004174
   276/399        0G   0.03573   0.01903  0.003977   0.05874         3       640    0.8478    0.9615    0.9315    0.6063    0.0174  0.007389 0.0005475
   277/399        0G   0.03184   0.01794  0.004442   0.05422         3       640    0.8905     0.918    0.9471    0.6268   0.01637  0.007443   0.00049
   278/399        0G   0.02938   0.01775  0.004783   0.05191         3       640    0.8854     0.922    0.9437    0.6537   0.01687  0.007489 0.0004466
   279/399        0G   0.03244   0.01601  0.006261   0.05471         5       640    0.8931    0.9392    0.9433    0.6307   0.01599  0.007432 0.0004442
   280/399        0G   0.03491   0.01842  0.005415   0.05874         3       640    0.8778    0.9469    0.9444    0.6559   0.01576  0.007326  0.000446
   281/399        0G   0.03332   0.01674  0.005429   0.05549         3       640    0.8973       0.9    0.9348    0.6105   0.01717  0.007556 0.0004765
   282/399        0G   0.02876   0.01727  0.004487   0.05052         1       640    0.8792    0.9329    0.9428    0.5886   0.01719  0.007816 0.0005032
   283/399        0G   0.03323   0.01884  0.004483   0.05655         4       640    0.8802    0.9544    0.9371    0.6144   0.01544  0.007995 0.0003902
   284/399        0G   0.03275   0.01703  0.005012    0.0548         4       640     0.889    0.9414    0.9392     0.586   0.01758  0.007906 0.0003748
   285/399        0G   0.03425   0.01901   0.00522   0.05848         3       640    0.9143    0.9029    0.9524    0.6325   0.01744  0.007444 0.0003376
   286/399        0G   0.03102   0.01605  0.003709   0.05078         4       640    0.9011    0.9288    0.9663     0.625   0.01684  0.007373 0.0003155
   287/399        0G   0.02928   0.01572  0.005393   0.05039         6       640    0.8498    0.9756    0.9551    0.6113   0.01818  0.007235 0.0003217
   288/399        0G   0.03296   0.01965  0.005279   0.05789         7       640    0.8938    0.9109    0.9499    0.6309   0.01675  0.007166 0.0003129
   289/399        0G   0.03041   0.01625  0.003726   0.05039         3       640    0.9086    0.9033    0.9602    0.6152   0.01664  0.007326 0.0003119
   290/399        0G   0.03281   0.01531  0.006722   0.05485         5       640    0.9155    0.9111    0.9666     0.659   0.01602  0.007295 0.0002697
   291/399        0G   0.03349   0.01706  0.003567   0.05412         4       640    0.9229    0.9444     0.974    0.6729   0.01637  0.007208 0.0002722
   292/399        0G   0.03187   0.01744  0.005378   0.05469         4       640    0.8804    0.9728    0.9699    0.6466   0.01623  0.007067 0.0003924
   293/399        0G   0.02904   0.01684   0.00347   0.04935         6       640    0.9083    0.9544    0.9684    0.6738    0.0176  0.007136 0.0003958
   294/399        0G   0.02707   0.01517  0.003681   0.04591         6       640    0.9341    0.9315    0.9696    0.6646    0.0159  0.007095  0.000374
   295/399        0G   0.03258   0.01713  0.005583   0.05529         3       640    0.9123    0.9666    0.9773    0.6702   0.01618  0.007261 0.0003212
   296/399        0G   0.03156   0.01744  0.002849   0.05184         4       640    0.9242     0.966    0.9795    0.6596   0.01611  0.007403 0.0003119
   297/399        0G   0.02728   0.01754  0.003827   0.04864         5       640    0.8863    0.9728    0.9761    0.6718   0.01701  0.007459 0.0003505
   298/399        0G   0.03293   0.01727  0.002901    0.0531         4       640    0.9472     0.937     0.985    0.6802    0.0155  0.007448 0.0003814
   299/399        0G   0.03221   0.01645  0.004446   0.05311         7       640    0.8881    0.9714    0.9805    0.6818   0.01448  0.007657 0.0004393
   300/399        0G   0.03194   0.01599   0.00377    0.0517         4       640    0.9119    0.9333    0.9654    0.6175   0.01599  0.007769 0.0004056
   301/399        0G   0.03234   0.01628  0.004711   0.05333         4       640    0.8621    0.9333    0.9513    0.6319   0.01601  0.007547 0.0004655
   302/399        0G   0.03298   0.01682  0.003629   0.05343         5       640    0.8732     0.951    0.9521    0.6395   0.01603  0.007369 0.0003384
   303/399        0G   0.02934   0.01601  0.003649     0.049         2       640    0.8783    0.9367    0.9576    0.6631   0.01556  0.007237 0.0003189
   304/399        0G   0.03158   0.01661  0.003588   0.05178         2       640    0.8758    0.9361    0.9556    0.6472   0.01673  0.007198 0.0003309
   305/399        0G   0.03134   0.01662   0.00549   0.05345         7       640    0.8449    0.9763    0.9581    0.6583   0.01567  0.007199 0.0003163
   306/399        0G   0.02871   0.01721  0.004881    0.0508         5       640    0.8916    0.9111    0.9639       0.7   0.01563  0.007201 0.0002878
   307/399        0G   0.03178   0.01731   0.00449   0.05358         3       640    0.9112    0.9214    0.9681     0.693   0.01482  0.007207  0.000267
   308/399        0G   0.02919   0.01755  0.002484   0.04923         8       640     0.904    0.9303    0.9735    0.6686   0.01588  0.007219 0.0002371
   309/399        0G   0.03384    0.0173  0.004511   0.05565         3       640    0.8858    0.9654     0.974    0.6793   0.01588  0.007173 0.0002475
   310/399        0G   0.02884   0.01677  0.004537   0.05014         5       640    0.9018    0.9444    0.9694    0.6649   0.01623  0.007062 0.0002713
   311/399        0G   0.03015   0.01592  0.004067   0.05014         5       640    0.8704    0.9579    0.9632    0.6651   0.01647   0.00705 0.0002697
   312/399        0G   0.02892   0.01428  0.003919   0.04713         7       640    0.8643    0.9691    0.9633    0.6652    0.0155  0.007002 0.0002571
   313/399        0G   0.02905   0.01714  0.003494   0.04968         4       640    0.8983     0.933     0.958    0.6725   0.01565  0.006943 0.0002518
   314/399        0G   0.02846   0.01861  0.003381   0.05045         6       640    0.9211    0.9226     0.963    0.6618   0.01606  0.006826 0.0002304
   315/399        0G   0.02939   0.01581  0.003342   0.04855         4       640    0.8841    0.8759    0.9523    0.6747   0.01622  0.006987 0.0002488
   316/399        0G   0.03062   0.01531  0.002889   0.04881         7       640    0.9253    0.8887    0.9537    0.6637   0.01545  0.006905 0.0002997
   317/399        0G   0.03274   0.01512  0.004783   0.05265         3       640    0.9308    0.9401    0.9697    0.6642   0.01555  0.006751 0.0003403
   318/399        0G   0.03342   0.01637  0.006263   0.05606         4       640    0.9216    0.9555     0.981    0.6657    0.0161  0.006751  0.000272
   319/399        0G   0.03012   0.01626   0.00408   0.05046         7       640    0.9431    0.9111    0.9821    0.6713   0.01565  0.006865 0.0002453
   320/399        0G   0.02849    0.0165   0.00358   0.04857         3       640    0.9472    0.9089    0.9798    0.6731   0.01617  0.006866 0.0002271
   321/399        0G   0.03129   0.01552  0.003755   0.05057         3       640    0.9511       0.9    0.9784    0.6729   0.01632  0.006849 0.0002142
   322/399        0G   0.03096   0.01701  0.005019   0.05299         4       640    0.9928    0.8746    0.9772    0.6817   0.01575  0.006946 0.0002204
   323/399        0G   0.03206   0.01615  0.003262   0.05146         4       640    0.9511     0.903    0.9693    0.6712   0.01613  0.006953 0.0002351
   324/399        0G   0.03052    0.0169  0.004497   0.05192         5       640    0.9258     0.937    0.9707    0.6501   0.01813  0.007065 0.0002593
   325/399        0G   0.03062   0.01872  0.003233   0.05257         2       640    0.8919     0.964    0.9729    0.6685    0.0159  0.007032 0.0002446
   326/399        0G   0.03032    0.0155  0.005515   0.05134         6       640    0.9297    0.9729    0.9891    0.7411     0.014  0.006873 0.0002433
   327/399        0G   0.03117   0.01602   0.00407   0.05125         5       640    0.9471    0.9771    0.9901     0.739   0.01492  0.006702 0.0002232
   328/399        0G   0.02794   0.01468  0.004013   0.04664         3       640    0.9525    0.9557    0.9894    0.7116   0.01524  0.006643 0.0002279
   329/399        0G   0.02806   0.01646  0.005192   0.04971         4       640    0.9394    0.9884    0.9873    0.7025   0.01441  0.006684 0.0002493
   330/399        0G   0.02525    0.0158  0.002369   0.04342         4       640     0.947    0.9667    0.9869    0.6697   0.01474  0.006718 0.0002499
   331/399        0G   0.02824   0.01421  0.003416   0.04587         2       640    0.9922    0.9296    0.9902    0.6717   0.01555  0.006672  0.000235
   332/399        0G   0.02899   0.01556  0.003753   0.04831         5       640    0.9956    0.9254    0.9898    0.6729   0.01538  0.006597 0.0002226
   333/399        0G   0.03064   0.01565  0.004038   0.05032         4       640    0.9914    0.9555      0.99     0.723    0.0143  0.006458 0.0002029
   334/399        0G   0.02711   0.01625  0.004882   0.04824         2       640    0.9851    0.9516    0.9909    0.7138   0.01412  0.006493 0.0002007
   335/399        0G   0.03112   0.01639  0.004317   0.05182         6       640         1    0.9456    0.9901    0.7018   0.01452  0.006585 0.0002031
   336/399        0G   0.02826     0.016  0.003496   0.04776         8       640    0.9515    0.9419    0.9834    0.6508   0.01553  0.006709  0.000222
   337/399        0G   0.03005   0.01712  0.002723   0.04989         5       640     0.962    0.9504    0.9831     0.649    0.0152  0.006613 0.0002023
   338/399        0G   0.02799   0.01623  0.002824   0.04705         7       640    0.9407    0.9501    0.9764    0.6167   0.01731  0.006778 0.0001967
   339/399        0G   0.03034   0.01593  0.004218    0.0505         6       640    0.9151    0.9749    0.9743    0.6511   0.01616  0.006756 0.0001784
   340/399        0G   0.02911   0.01553  0.002433   0.04707         5       640    0.9352    0.9667    0.9788    0.7002   0.01455  0.006834 0.0001833
   341/399        0G   0.02945   0.01598  0.004031   0.04946         2       640    0.9459    0.9885    0.9854    0.6764   0.01496    0.0068 0.0001735
   342/399        0G   0.02775   0.01482  0.005229   0.04781         8       640    0.9689    0.9336    0.9864    0.6887   0.01414  0.006877 0.0001886
   343/399        0G   0.02855   0.01587  0.004445   0.04886         5       640    0.9726    0.9288    0.9848    0.6853    0.0155  0.006954  0.000226
   344/399        0G   0.03062    0.0159  0.004078    0.0506         3       640    0.9479    0.9663    0.9822    0.7038   0.01499  0.007076 0.0002147
   345/399        0G   0.03026    0.0156  0.003582   0.04944         5       640    0.9302    0.9533    0.9646     0.677   0.01537  0.007389 0.0002181
   346/399        0G   0.02931   0.01626  0.002771   0.04833         3       640    0.9287    0.9444    0.9612    0.6693   0.01572  0.007508 0.0002207
   347/399        0G   0.02688   0.01627  0.002514   0.04566         3       640    0.8925    0.9863    0.9711    0.6741   0.01542  0.007389 0.0002431
   348/399        0G   0.02799   0.01509  0.003283   0.04637         5       640     0.893    0.9774    0.9743    0.6646   0.01483  0.007257 0.0002981
   349/399        0G   0.02468   0.01519  0.003649   0.04353         7       640    0.8936    0.9556    0.9782    0.6737   0.01484  0.007255 0.0002237
   350/399        0G   0.02867   0.01781  0.003233   0.04972         4       640      0.88    0.9652    0.9769    0.7158   0.01496  0.007048 0.0002191
   351/399        0G   0.02973   0.01565  0.003383   0.04876         3       640    0.8885    0.9729    0.9794    0.7163   0.01473  0.006866  0.000215
   352/399        0G   0.03082   0.01677  0.003301   0.05089         3       640    0.9202    0.9247    0.9784    0.6958   0.01571  0.006683 0.0002233
   353/399        0G    0.0278   0.01605  0.003251    0.0471         4       640    0.9023     0.973    0.9808    0.7242   0.01545  0.006522 0.0002252
   354/399        0G   0.02921   0.01484  0.002625   0.04668         2       640    0.9648    0.9648    0.9838    0.7229    0.0142  0.006272 0.0001927
   355/399        0G   0.03538   0.01828  0.005841    0.0595         5       640    0.9683    0.9666    0.9815    0.6781   0.01591  0.006332 0.0001724
   356/399        0G   0.02953   0.01737  0.002151   0.04904         4       640    0.9769    0.9667    0.9854    0.7235   0.01429  0.006381 0.0001722
   357/399        0G   0.02588    0.0153  0.005714    0.0469         6       640    0.9544    0.9662    0.9819    0.7255   0.01488  0.006442 0.0001945
   358/399        0G   0.02934   0.01474  0.003079   0.04715         5       640    0.9341    0.9666     0.973    0.7071   0.01548  0.006622  0.000232
   359/399        0G   0.02704   0.01447  0.002804   0.04431         3       640    0.9547     0.963    0.9814    0.7017   0.01567   0.00664 0.0002701
   360/399        0G   0.02622   0.01354  0.003897   0.04366         6       640    0.9669    0.9532     0.982    0.6884   0.01589  0.006698 0.0002382
   361/399        0G   0.02959   0.01723  0.004038   0.05086         6       640    0.9612    0.9555    0.9816    0.7042   0.01511   0.00672 0.0002023
   362/399        0G   0.02879   0.01643  0.003588    0.0488         3       640    0.9723    0.9556    0.9829    0.7239   0.01489  0.006625 0.0001971
   363/399        0G   0.02561   0.01397  0.002307   0.04189         6       640    0.9815    0.9392    0.9826    0.7081    0.0146  0.006425 0.0001936
   364/399        0G   0.02629   0.01584  0.002234   0.04436         6       640    0.9677    0.9406    0.9839    0.7077   0.01413  0.006288 0.0001898
   365/399        0G   0.02849   0.01467  0.004464   0.04763         7       640     0.977    0.9423    0.9851    0.7102   0.01466  0.006197  0.000188
   366/399        0G   0.02999   0.01627  0.003414   0.04968         3       640     0.977    0.9556    0.9883    0.7209   0.01372  0.006126 0.0001855
   367/399        0G   0.02681   0.01532  0.002819   0.04495         5       640    0.9743    0.9492    0.9878    0.7303   0.01343  0.006135 0.0001828
   368/399        0G   0.02636   0.01496  0.002612   0.04393         2       640    0.9955    0.9425    0.9893    0.7414   0.01393  0.006241 0.0001873
   369/399        0G   0.03152   0.01752  0.003277   0.05232         5       640    0.9565    0.9667    0.9889    0.7514   0.01294  0.006317 0.0001862
   370/399        0G   0.02731   0.01446  0.002487   0.04426         5       640    0.9525    0.9666    0.9889    0.7456   0.01349  0.006535 0.0001779
   371/399        0G   0.02693   0.01615  0.003982   0.04706         4       640     0.963    0.9666    0.9904    0.7459   0.01276  0.006529 0.0001744
   372/399        0G   0.02266   0.01443  0.002647   0.03973         2       640    0.9446    0.9981    0.9907    0.7374   0.01344  0.006559 0.0001793
   373/399        0G   0.02727    0.0158  0.002006   0.04507         5       640    0.9441    0.9938    0.9892    0.7513   0.01329  0.006594 0.0001677
   374/399        0G   0.02395   0.01442  0.003726   0.04209         4       640    0.9445    0.9937    0.9905    0.7591   0.01326  0.006623 0.0001664
   375/399        0G   0.02906   0.01598  0.002323   0.04737         7       640    0.9663    0.9997    0.9927    0.7676   0.01289  0.006392  0.000161
   376/399        0G   0.02744   0.01503  0.002995   0.04547         5       640    0.9834    0.9887    0.9934    0.7588   0.01297  0.006231 0.0001659
   377/399        0G    0.0246   0.01501  0.003094   0.04271         4       640    0.9955    0.9778    0.9938    0.7745   0.01251  0.006229 0.0001664
   378/399        0G   0.02667   0.01526  0.003358   0.04529         7       640    0.9774    0.9886    0.9934    0.7718   0.01269  0.006235 0.0001575
   379/399        0G   0.02775   0.01501  0.003119   0.04588         4       640    0.9819    0.9743    0.9929    0.7498    0.0128  0.006158 0.0001522
   380/399        0G   0.02541     0.015  0.003242   0.04365         3       640    0.9717    0.9768    0.9912    0.7431   0.01302  0.006135 0.0001562
   381/399        0G    0.0281   0.01603  0.002826   0.04695         5       640     0.951    0.9675    0.9888    0.7299     0.014  0.006209 0.0001775
   382/399        0G   0.02834   0.01414  0.003809   0.04629         4       640     0.914    0.9667    0.9825    0.7564   0.01314  0.006238 0.0001929
   383/399        0G    0.0282    0.0145   0.00262   0.04532         4       640    0.9752    0.9199    0.9816    0.7566    0.0127  0.006234 0.0002067
   384/399        0G   0.02788   0.01521  0.002918     0.046         6       640    0.9302    0.9559    0.9855    0.7324   0.01347  0.006239 0.0001886
   385/399        0G   0.02968   0.01535  0.004743   0.04978         5       640     0.893    0.9979    0.9862    0.7309   0.01367  0.006128 0.0001594
   386/399        0G   0.02925   0.01489  0.002889   0.04702         6       640    0.9354    0.9556    0.9852    0.7168   0.01358  0.006088 0.0001543
   387/399        0G   0.02631   0.01558  0.003163   0.04506         5       640    0.9425    0.9777    0.9878    0.7182   0.01317  0.006123 0.0001549
   388/399        0G   0.02936   0.01631  0.002627   0.04829         4       640    0.9318    0.9578    0.9834    0.7532   0.01263  0.006343 0.0001508
   389/399        0G   0.02805   0.01532  0.003095   0.04647         4       640    0.9101    0.9665    0.9813    0.7164   0.01393  0.006455 0.0001698
   390/399        0G   0.02611   0.01609  0.004157   0.04637         5       640    0.9657    0.9549    0.9877    0.7482   0.01278  0.006296 0.0001713
   391/399        0G   0.02797   0.01745  0.003761   0.04919         6       640    0.9537    0.9727    0.9908    0.7459   0.01464  0.006248 0.0001543
   392/399        0G   0.02701   0.01529  0.002182   0.04448         6       640    0.9393    0.9728    0.9895    0.7439   0.01328   0.00635 0.0001502
   393/399        0G   0.02881   0.01578  0.002596   0.04719         2       640    0.9389    0.9742    0.9882    0.7725   0.01269   0.00632 0.0001464
   394/399        0G   0.02834   0.01487  0.001994    0.0452         4       640    0.9566    0.9739    0.9889    0.7707   0.01265  0.006122 0.0001433
   395/399        0G   0.02475   0.01351  0.002209   0.04047         5       640    0.9878    0.9566    0.9901    0.7784   0.01204  0.005875 0.0001409
   396/399        0G   0.02695   0.01452  0.004679   0.04616         4       640    0.9668    0.9986    0.9916    0.7682     0.012  0.005792 0.0001446
   397/399        0G   0.02487   0.01422  0.002395   0.04148         6       640    0.9785    0.9845    0.9923    0.7325   0.01331  0.005747 0.0001511
   398/399        0G   0.02957   0.01571  0.002797   0.04808         3       640    0.9562    0.9971    0.9921    0.7325   0.01375  0.005723 0.0001636
   399/399        0G   0.03043   0.01512  0.002383   0.04794         5       640    0.9543    0.9998    0.9923    0.7438   0.01284  0.005748 0.0001674
