      0/99        0G   0.04189   0.05616   0.07052    0.1686        18       640     0.907    0.8886    0.8399    0.7474   0.03325   0.02777   0.03716
      1/99        0G   0.03983    0.0585   0.05749    0.1558        18       640    0.9051    0.8885    0.8394    0.7521   0.03278   0.02763   0.03682
      2/99        0G   0.03687   0.04442   0.05587    0.1372        17       640    0.9066    0.8888    0.8403    0.7641     0.032   0.02706   0.03614
      3/99        0G   0.03889    0.0474   0.05533    0.1416        15       640    0.9087    0.8889    0.8422    0.7557   0.03149   0.02662   0.03553
      4/99        0G   0.04124   0.04834   0.06404    0.1536        10       640    0.9106    0.8889    0.8434    0.7631    0.0308   0.02584   0.03486
      5/99        0G   0.03828   0.05246   0.05574    0.1465        14       640    0.9113    0.8888    0.8491    0.7626   0.02974   0.02517   0.03429
      6/99        0G   0.04007   0.05774   0.06068    0.1585        18       640    0.9081    0.8889     0.858    0.7645   0.02864   0.02346   0.03345
      7/99        0G   0.03362   0.04156   0.05291    0.1281        19       640    0.9107    0.8888    0.8661    0.7701   0.02781   0.02201   0.03242
      8/99        0G   0.03779   0.04956    0.0605    0.1479        12       640    0.9056    0.8886    0.8707    0.7826   0.02726     0.021   0.03172
      9/99        0G   0.03577   0.04437   0.05645    0.1366        14       640    0.8989    0.8888     0.876    0.7944   0.02667    0.0197   0.03072
     10/99        0G   0.04503   0.05214   0.05803    0.1552         9       640    0.8949    0.8871    0.8817    0.7885   0.02607   0.01834   0.02978
     11/99        0G     0.033   0.03635   0.04672    0.1161        13       640    0.8971    0.8888    0.8845    0.7893   0.02568   0.01753   0.02896
     12/99        0G   0.03671   0.03525   0.04773    0.1197        12       640    0.8935    0.8804    0.8892    0.7806   0.02535   0.01714   0.02593
     13/99        0G   0.03271   0.04082   0.03986    0.1134        13       640    0.8861    0.8888    0.8919    0.7882     0.025   0.01678   0.02477
     14/99        0G   0.03131   0.03274   0.03645    0.1005         9       640    0.8847    0.8874    0.8952    0.7858   0.02489   0.01639   0.02368
     15/99        0G   0.03297   0.03294   0.04283    0.1087        12       640    0.8839    0.8843    0.8976     0.777   0.02467   0.01612   0.02272
     16/99        0G   0.03421   0.03313   0.04339    0.1107        12       640    0.8819    0.8812     0.902    0.7694   0.02406    0.0159   0.02151
     17/99        0G   0.03403   0.04096    0.0376    0.1126        18       640    0.8733    0.8824    0.9032    0.7652    0.0239   0.01575   0.02062
     18/99        0G   0.03241   0.03171   0.04165    0.1058         8       640    0.9093    0.8544    0.9098    0.7703   0.02388   0.01556   0.01967
     19/99        0G   0.03007   0.03074   0.03124   0.09205        19       640    0.9134    0.8482    0.9099    0.7531   0.02403   0.01546   0.01918
     20/99        0G   0.03641   0.03361   0.04355    0.1136        16       640      0.91    0.8523    0.9131    0.7646   0.02411   0.01519   0.01832
     21/99        0G   0.03676   0.03543    0.0409    0.1131        12       640     0.906    0.8567    0.9146    0.7685   0.02359   0.01496   0.01723
     22/99        0G    0.0276   0.03258   0.02996   0.09013         8       640    0.9052    0.8576     0.922    0.7765     0.023   0.01491   0.01659
     23/99        0G   0.02908   0.02781   0.02976   0.08666        14       640    0.8788    0.8831     0.922    0.7731   0.02255   0.01483   0.01586
     24/99        0G   0.03473   0.03609   0.03642    0.1072        16       640    0.9213    0.8641    0.9339    0.7945   0.02246   0.01463   0.01513
     25/99        0G   0.03034    0.0308   0.02836    0.0895        16       640    0.9218    0.8671     0.941    0.8082    0.0222   0.01447   0.01443
     26/99        0G   0.03227   0.03083   0.02632   0.08941        14       640     0.922    0.8686    0.9366    0.7993   0.02188   0.01431   0.01376
     27/99        0G   0.03768   0.03413   0.03688    0.1087         7       640    0.9245    0.8681     0.938    0.7972   0.02206   0.01419   0.01311
     28/99        0G   0.03376   0.03191   0.03556    0.1012         9       640     0.924    0.8713    0.9392    0.7859   0.02176   0.01406   0.01249
     29/99        0G   0.02935   0.02774   0.02433   0.08143        14       640    0.8992    0.8909    0.9513    0.8154   0.02148   0.01399   0.01194
     30/99        0G   0.03118   0.03135   0.03029   0.09281         8       640    0.8359    0.9156    0.9522    0.8235   0.02114   0.01384   0.01154
     31/99        0G   0.02865   0.03451   0.02467   0.08783        20       640    0.8322    0.9171    0.9525    0.8234   0.02149    0.0138   0.01114
     32/99        0G   0.03592   0.03457   0.02902    0.0995        11       640    0.8419    0.9185    0.9534    0.8292   0.02066   0.01371   0.01072
     33/99        0G   0.02931   0.02595    0.0249   0.08016        15       640    0.8481    0.9184    0.9484    0.8187   0.02077   0.01363    0.0104
     34/99        0G   0.03122   0.03178   0.02676   0.08976         9       640    0.8508    0.9171    0.9494     0.825   0.02042   0.01348    0.0102
     35/99        0G   0.02876   0.02825   0.02059    0.0776        21       640    0.8525    0.9171    0.9568    0.8333   0.02042   0.01333  0.009857
     36/99        0G   0.03325   0.03309   0.02308   0.08942        10       640    0.8517    0.9186    0.9587    0.8319   0.02011   0.01322  0.009417
     37/99        0G   0.03255   0.03254   0.02221    0.0873        20       640     0.818     0.939    0.9592    0.8267   0.02001   0.01322  0.009033
     38/99        0G   0.02619   0.02676   0.01584   0.06879         9       640    0.8337    0.9281    0.9607    0.8205   0.02005   0.01316  0.008673
     39/99        0G   0.02855   0.02646   0.01862   0.07363        15       640    0.8422    0.9262    0.9674     0.844   0.01992   0.01308  0.008553
     40/99        0G   0.02844   0.02807   0.01699   0.07351        14       640    0.9559    0.8887    0.9678    0.8296   0.01987   0.01298  0.008082
     41/99        0G   0.03069   0.03235   0.01748   0.08052         8       640    0.9574    0.8863    0.9793    0.8635   0.01967   0.01282  0.007859
     42/99        0G   0.02577   0.02821   0.01526   0.06924        16       640      0.96    0.8865    0.9685     0.835   0.01973   0.01269  0.007512
     43/99        0G   0.02861   0.03046   0.01719   0.07627        18       640    0.8356    0.9421    0.9686    0.8457   0.01962   0.01243  0.007284
     44/99        0G    0.0311   0.02955   0.01662   0.07726        23       640    0.8412    0.9468    0.9688    0.8192   0.01977   0.01252  0.006922
     45/99        0G   0.03067   0.02895   0.01589   0.07551        15       640    0.8446    0.9452    0.9695    0.8334   0.01882   0.01245  0.006794
     46/99        0G   0.02928   0.02845    0.0191   0.07683        13       640    0.8461    0.9453    0.9761    0.8522   0.01847   0.01225  0.006443
     47/99        0G   0.02804   0.03176   0.01376   0.07357        10       640    0.8476    0.9452    0.9775    0.8469    0.0183   0.01214  0.006359
     48/99        0G   0.02781   0.02689   0.01526   0.06997        17       640    0.8578    0.9421    0.9716    0.8318   0.01774   0.01204  0.006215
     49/99        0G   0.02708   0.02984   0.01632   0.07324        12       640     0.857    0.9484    0.9716    0.8267   0.01905   0.01182  0.005915
     50/99        0G   0.02711   0.02594   0.01658   0.06963        16       640    0.8908    0.9311    0.9713    0.8427   0.01831   0.01176  0.005754
     51/99        0G   0.02964    0.0231   0.01393   0.06667        10       640    0.8895    0.9343    0.9719    0.8188   0.01747   0.01175   0.00557
     52/99        0G   0.02923   0.03239   0.01509   0.07672         9       640    0.8978    0.9294    0.9725    0.8209   0.01725   0.01171  0.005448
     53/99        0G   0.02578   0.02821   0.01146   0.06545        13       640     0.901    0.9281    0.9721    0.8154   0.01704   0.01164  0.005382
     54/99        0G     0.025   0.02565    0.0143   0.06495         9       640    0.8836    0.9358    0.9842    0.8506   0.01667   0.01157   0.00525
     55/99        0G   0.03035    0.0305   0.01324    0.0741        12       640    0.8789    0.9388    0.9787    0.8411   0.01658   0.01156  0.005208
     56/99        0G   0.02944   0.03493   0.01563      0.08        16       640    0.8831     0.939    0.9786    0.8524   0.01692   0.01154  0.005159
     57/99        0G   0.02947   0.03088   0.01391   0.07426        19       640    0.8826    0.9421    0.9785    0.8566   0.01665   0.01155  0.005042
     58/99        0G   0.02614   0.02552   0.01367   0.06533        11       640    0.8825    0.9406    0.9841    0.8579   0.01646   0.01158  0.004982
     59/99        0G    0.0271   0.02731   0.01314   0.06754         7       640    0.8787    0.9406    0.9843    0.8578   0.01667   0.01157  0.004902
     60/99        0G   0.02949   0.03013   0.01485   0.07447        15       640    0.8781    0.9422    0.9733    0.8535   0.01693   0.01155  0.004798
     61/99        0G    0.0285   0.02402    0.0113   0.06382        10       640    0.8756    0.9421    0.9838    0.8562   0.01694   0.01152  0.004717
     62/99        0G   0.02516   0.02347   0.01142   0.06006         8       640    0.8772    0.9391    0.9834    0.8607   0.01681   0.01153  0.004594
     63/99        0G   0.02642   0.02647   0.01144   0.06433        14       640    0.8825     0.939     0.984    0.8519   0.01687   0.01154  0.004507
     64/99        0G   0.02919   0.02786   0.01003   0.06708        11       640    0.8961    0.9374     0.984     0.836   0.01806   0.01141   0.00426
     65/99        0G   0.03097   0.03555   0.01479    0.0813        14       640    0.9077    0.9437    0.9842      0.85   0.01707   0.01135  0.004145
     66/99        0G   0.03274   0.02705   0.01309   0.07289        13       640    0.8902    0.9594    0.9851    0.8401   0.01754   0.01121  0.004073
     67/99        0G   0.02856   0.02299   0.01323   0.06478         6       640     0.889    0.9592     0.985     0.871   0.01831   0.01093  0.004061
     68/99        0G   0.03064   0.02665  0.009705   0.06699        13       640    0.9037    0.9453     0.986    0.8418   0.01742   0.01089  0.004023
     69/99        0G     0.029   0.02526    0.0111   0.06536        13       640    0.9037    0.9453     0.986    0.8418   0.01742   0.01089  0.004023
     70/99        0G   0.02926   0.02508    0.0114   0.06573        10       640    0.8924    0.9469    0.9862    0.8572   0.01602   0.01089   0.00403
     71/99        0G   0.02466    0.0244  0.009118   0.05818         8       640    0.8873    0.9453    0.9864    0.8724   0.01582   0.01092  0.004018
     72/99        0G   0.02244    0.0249  0.006718   0.05406        13       640     0.889    0.9484    0.9809    0.8683    0.0164    0.0109  0.003849
     73/99        0G   0.02741   0.02655   0.01019   0.06415        18       640    0.8922    0.9531    0.9801    0.8784   0.01554   0.01083  0.003805
     74/99        0G   0.02754   0.02508  0.009288    0.0619        10       640    0.8922    0.9531    0.9801    0.8784   0.01554   0.01083  0.003805
     75/99        0G   0.02401   0.02385  0.007169   0.05503        19       640     0.892    0.9562    0.9803    0.8657   0.01598   0.01082  0.003667
     76/99        0G    0.0267   0.02717   0.01133    0.0652        17       640    0.8868    0.9625    0.9801     0.866   0.01511   0.01084   0.00358
     77/99        0G   0.02571   0.02368  0.008435   0.05783        16       640    0.8788    0.9687    0.9863    0.8656   0.01653   0.01079  0.003523
     78/99        0G   0.02293   0.02483  0.008838    0.0566        10       640    0.9015    0.9545    0.9863    0.8639   0.01539   0.01082  0.003433
     79/99        0G   0.02431   0.02554  0.008632   0.05848         8       640    0.9015    0.9545    0.9863    0.8639   0.01539   0.01082  0.003433
     80/99        0G   0.02699   0.02883   0.01051   0.06633         8       640    0.9014    0.9547    0.9862    0.8574    0.0156   0.01086  0.003417
     81/99        0G   0.02904   0.02334   0.01007   0.06245        12       640    0.8949    0.9593    0.9808    0.8455    0.0149   0.01077  0.003405
     82/99        0G   0.02542   0.02459  0.007117   0.05713        15       640    0.9123    0.9546    0.9811    0.8724   0.01442   0.01072  0.003335
     83/99        0G    0.0289   0.02873  0.009171   0.06679        10       640    0.9123    0.9579    0.9802    0.8724   0.01448   0.01071  0.003278
     84/99        0G   0.02588   0.02532  0.008652   0.05985        17       640    0.9257    0.9516    0.9811    0.8682   0.01444    0.0106  0.003215
     85/99        0G   0.02636    0.0267  0.009697   0.06277        10       640    0.9257    0.9516    0.9811    0.8682   0.01444    0.0106  0.003215
     86/99        0G   0.02671   0.02573  0.009377   0.06182        17       640    0.9285    0.9529    0.9811    0.8708   0.01426   0.01051  0.003153
     87/99        0G   0.02519    0.0244  0.007599   0.05718         9       640     0.924    0.9544    0.9807    0.8815   0.01404    0.0105  0.003054
     88/99        0G   0.02652   0.02486   0.01151    0.0629        15       640    0.9223    0.9484    0.9853    0.8857   0.01394   0.01038  0.003047
     89/99        0G   0.02526   0.02437  0.007948   0.05759         9       640    0.9208    0.9484     0.986    0.8862   0.01404   0.01036   0.00303
     90/99        0G   0.02703   0.02779  0.007573   0.06239        21       640    0.9208    0.9484     0.986    0.8862   0.01404   0.01036   0.00303
     91/99        0G    0.0226   0.02843  0.006084   0.05712        10       640    0.9134    0.9499    0.9908    0.8888   0.01414   0.01036  0.002996
     92/99        0G   0.03023   0.02768   0.01113   0.06904        23       640    0.9007    0.9547    0.9909    0.8956   0.01406   0.01034  0.002987
     93/99        0G   0.02569   0.02911  0.008252   0.06306        14       640    0.9009    0.9578    0.9909    0.8947    0.0139   0.01025  0.002924
     94/99        0G   0.02584   0.02636  0.007513   0.05971        15       640    0.9068    0.9531    0.9914    0.8957   0.01389   0.01018  0.002907
     95/99        0G   0.02624   0.02571  0.008218   0.06016        14       640    0.9068    0.9531    0.9914    0.8957   0.01389   0.01018  0.002907
     96/99        0G   0.02518   0.02373   0.00653   0.05545        11       640    0.9088    0.9515    0.9914     0.886   0.01417   0.01018  0.002933
     97/99        0G   0.02453   0.02409   0.00592   0.05454        13       640    0.9105    0.9514    0.9915    0.8833   0.01415   0.01015  0.002846
     98/99        0G   0.02782   0.02618   0.01039   0.06439        12       640     0.914    0.9513    0.9927    0.8854   0.01388   0.01012  0.002785
     99/99        0G    0.0224   0.02184    0.0058   0.05004         6       640    0.9082    0.9544     0.992    0.8914   0.01415   0.01013  0.002757
