     0/599        0G   0.08795   0.02826         0    0.1162         4       640  0.003028    0.6441   0.00222 0.0002744   0.07185   0.02212         0
     1/599        0G   0.09106   0.02928         0    0.1203         6       640   0.00377    0.3559  0.003064  0.000418   0.06732   0.02201         0
     2/599        0G    0.0758   0.02736         0    0.1032         6       640  0.007602     0.661  0.006835 0.0008945   0.06042   0.02246         0
     3/599        0G   0.08185   0.02935         0    0.1112         4       640   0.01168    0.2881  0.009824  0.001473   0.05265   0.02239         0
     4/599        0G    0.0664   0.02896         0   0.09537         4       640   0.02086    0.2373   0.01486  0.002541   0.03835   0.02218         0
     5/599        0G   0.06393   0.02897         0    0.0929         6       640   0.02691     0.339   0.02308   0.00555   0.03364   0.02218         0
     6/599        0G   0.05315   0.02887         0   0.08202         3       640   0.06513    0.2712   0.05154   0.01759   0.03218   0.02172         0
     7/599        0G   0.05181   0.02831         0   0.08012         3       640    0.1258    0.2712   0.09011   0.03241   0.02624   0.02111         0
     8/599        0G   0.04954   0.03221         0   0.08175         5       640    0.2182    0.4068    0.1981   0.07871   0.02515   0.02013         0
     9/599        0G   0.04461   0.02652         0   0.07112         2       640    0.5117    0.4973    0.5431    0.2429   0.02241   0.01934         0
    10/599        0G    0.0458   0.02889         0   0.07469         4       640    0.7069    0.7627    0.7959    0.4428   0.02254   0.01811         0
    11/599        0G   0.04605   0.03226         0   0.07831         7       640    0.8471    0.8453    0.8893    0.5297   0.02132   0.01723         0
    12/599        0G   0.04138   0.03043         0   0.07181         4       640    0.8761    0.8814    0.9362    0.5883   0.02003   0.01609         0
    13/599        0G   0.03919   0.02746         0   0.06665         5       640    0.6503    0.9141      0.81    0.4903   0.02422   0.01424         0
    14/599        0G   0.03831   0.02523         0   0.06354         4       640    0.9636    0.8981    0.9652    0.6615   0.01879   0.01382         0
    15/599        0G   0.04164   0.02134         0   0.06298         5       640    0.7724    0.8626     0.846    0.4228   0.02053   0.01311         0
    16/599        0G   0.04146   0.02244         0   0.06389         4       640    0.6265    0.8813    0.7173    0.2715   0.02501   0.01235         0
    17/599        0G    0.0437   0.02375         0   0.06745         6       640    0.7638    0.8814    0.8182     0.384    0.0227   0.01175         0
    18/599        0G   0.04099   0.02046         0   0.06145         2       640    0.7076    0.7797    0.7966     0.468   0.02792   0.01104         0
    19/599        0G   0.04046   0.02074         0   0.06119         2       640    0.8702    0.6949    0.8655    0.5718   0.02336   0.01062         0
    20/599        0G   0.03463   0.01739         0   0.05202         2       640    0.7136    0.8448    0.8278    0.4039   0.03023   0.01005         0
    21/599        0G   0.04013   0.01853         0   0.05866         5       640    0.7772     0.678    0.7981    0.5042   0.02631  0.009551         0
    22/599        0G   0.03731   0.01965         0   0.05696         4       640     0.679    0.8305    0.8351    0.6037   0.02618  0.008972         0
    23/599        0G   0.04192   0.01768         0   0.05961         5       640    0.6572    0.8814    0.7455    0.3868    0.0299  0.008708         0
    24/599        0G   0.03805    0.0165         0   0.05455         6       640     0.918    0.9492    0.9737    0.5835   0.02421  0.009022         0
    25/599        0G   0.03827   0.01624         0   0.05451         3       640    0.5759    0.8977    0.6896    0.2759   0.04125   0.00799         0
    26/599        0G   0.04655   0.01618         0   0.06273         3       640    0.6311    0.9322    0.7884    0.4168   0.02922  0.007978         0
    27/599        0G   0.03579   0.01647         0   0.05226         5       640     0.701    0.8475    0.8147    0.4136   0.02173  0.008029         0
    28/599        0G   0.03288   0.01675         0   0.04963         4       640    0.8383    0.8814    0.9088    0.5658   0.02481  0.007753         0
    29/599        0G   0.03507   0.01566         0   0.05072         4       640    0.6474    0.7797    0.7323    0.4608    0.0358  0.007101         0
    30/599        0G   0.04283   0.01409         0   0.05693         6       640    0.7758    0.7626    0.8362    0.5255   0.02441  0.008582         0
    31/599        0G   0.03716   0.01683         0     0.054         4       640     0.543    0.8475    0.6841    0.3509   0.02611  0.007889         0
    32/599        0G    0.0452   0.01532         0   0.06051         3       640    0.5606    0.9322    0.7137    0.3599   0.02834  0.007883         0
    33/599        0G    0.0401   0.01522         0   0.05532         4       640    0.8928    0.8466    0.9246    0.6058   0.02075  0.007886         0
    34/599        0G   0.03091   0.01938         0   0.05029         4       640    0.8598    0.7288    0.8803    0.6814   0.02525  0.006874         0
    35/599        0G   0.03554   0.01519         0   0.05073         5       640    0.7772    0.9492    0.9253    0.7212   0.01704  0.007068         0
    36/599        0G   0.03573   0.01718         0   0.05291         3       640    0.8403    0.6245      0.82    0.3834   0.02887  0.006626         0
    37/599        0G   0.04307   0.01538         0   0.05845         8       640    0.9285    0.6599     0.857    0.4733   0.02695  0.006614         0
    38/599        0G   0.04265   0.01419         0   0.05684         3       640    0.7441    0.7394    0.8273    0.3602   0.02085  0.006777         0
    39/599        0G   0.03032   0.01276         0   0.04308         3       640     0.819    0.8436    0.9022    0.5699   0.02602  0.006549         0
    40/599        0G   0.03966   0.01452         0   0.05417         6       640    0.8978    0.8983    0.9536    0.5045   0.02854  0.006492         0
    41/599        0G   0.03698   0.01654         0   0.05352         8       640    0.9321    0.9314    0.9683    0.6736   0.02478  0.006577         0
    42/599        0G   0.03727     0.016         0   0.05327         5       640    0.9997    0.9153    0.9882    0.7079   0.01965  0.006269         0
    43/599        0G   0.03441   0.01493         0   0.04935         6       640    0.9833    0.9999    0.9942    0.7438   0.01585    0.0061         0
    44/599        0G   0.03706   0.01393         0   0.05099         7       640    0.6466    0.7458    0.7504    0.1527   0.04411  0.006136         0
    45/599        0G   0.05659   0.01158         0   0.06817         3       640    0.6706    0.8644     0.829    0.3788   0.03982  0.005404         0
    46/599        0G   0.05178   0.01401         0   0.06579         8       640    0.6306    0.7288    0.7268    0.2628   0.04124  0.005241         0
    47/599        0G   0.05359    0.0133         0   0.06689         5       640    0.5684    0.9831    0.7728    0.4193   0.03931   0.00519         0
    48/599        0G   0.04885   0.01323         0   0.06208         5       640    0.8059     0.915    0.9373    0.6104   0.03723  0.005052         0
    49/599        0G   0.04507   0.01341         0   0.05848         9       640         1    0.9313    0.9868    0.6839   0.03651   0.00479         0
    50/599        0G   0.04598   0.01346         0   0.05944         4       640    0.9997         1     0.995    0.6069   0.03497  0.004666         0
    51/599        0G   0.04267   0.01211         0   0.05478         6       640    0.9999         1     0.995    0.6571    0.0322  0.004602         0
    52/599        0G   0.04205   0.01359         0   0.05564         4       640    0.8172    0.9322     0.922    0.4216   0.03189  0.004654         0
    53/599        0G   0.04221   0.01148         0   0.05369         4       640    0.6361    0.9482    0.7952     0.186   0.03284  0.004536         0
    54/599        0G   0.04815   0.01419         0   0.06234         5       640    0.9188    0.9661    0.9696    0.5365   0.03579  0.004647         0
    55/599        0G   0.04011    0.0128         0   0.05291         6       640    0.9502    0.9831    0.9903    0.7247   0.02862  0.004811         0
    56/599        0G   0.04346   0.01243         0   0.05589         6       640    0.5411    0.9994    0.7185    0.2495    0.0305  0.004939         0
    57/599        0G    0.0472   0.01132         0   0.05852         2       640    0.9833    0.9995    0.9925    0.5968   0.02452  0.005537         0
    58/599        0G   0.03565   0.01234         0   0.04799         2       640    0.6705    0.9661    0.8103    0.3664   0.03075  0.005871         0
    59/599        0G   0.04057   0.01312         0   0.05368         3       640    0.8466    0.9492     0.936    0.6354   0.02375  0.005703         0
    60/599        0G   0.03247   0.01239         0   0.04486         6       640    0.8466    0.9492     0.936    0.6354   0.02375  0.005703         0
    61/599        0G   0.03761   0.01374         0   0.05135         4       640    0.7929    0.8435    0.9105    0.6768   0.02732  0.005652         0
    62/599        0G   0.03802   0.01315         0   0.05117         5       640    0.7276    0.8603    0.8814    0.6519   0.02982  0.005552         0
    63/599        0G    0.0381   0.01268         0   0.05078         3       640    0.7233    0.8418    0.8667    0.6205   0.03195  0.005425         0
    64/599        0G   0.04352   0.01276         0   0.05628         7       640    0.6778    0.9986    0.8932    0.6102   0.03321  0.005382         0
    65/599        0G   0.04466   0.01404         0    0.0587         6       640    0.6984    0.9831    0.8911     0.622   0.03226  0.005443         0
    66/599        0G   0.03923   0.01303         0   0.05226         2       640    0.7621    0.9831    0.9378    0.6467   0.02991  0.005626         0
    67/599        0G   0.03538   0.01384         0   0.04922         8       640    0.6444    0.9831    0.8216    0.4666   0.02629  0.005997         0
    68/599        0G   0.03763   0.01518         0   0.05281         3       640         1    0.9996     0.995    0.7422    0.0234  0.005985         0
    69/599        0G   0.02798   0.01322         0    0.0412         3       640    0.9832         1    0.9949    0.6486   0.02294    0.0059         0
    70/599        0G   0.03331   0.01445         0   0.04775         5       640    0.9832         1     0.994    0.6731   0.01897  0.005781         0
    71/599        0G   0.03226   0.01213         0    0.0444         5       640    0.9999         1     0.995     0.754   0.02597  0.005272         0
    72/599        0G   0.03417   0.01227         0   0.04644         4       640         1         1     0.995    0.5353   0.02394  0.005063         0
    73/599        0G   0.03658    0.0115         0   0.04808         3       640    0.9999         1     0.995    0.6478   0.01758  0.004989         0
    74/599        0G   0.03029   0.01221         0   0.04249         5       640         1         1     0.995     0.695    0.0211  0.004607         0
    75/599        0G   0.03033   0.01074         0   0.04107         6       640         1         1     0.995    0.5471   0.02428  0.004805         0
    76/599        0G   0.03609   0.01164         0   0.04774         5       640    0.9999         1    0.9951     0.827   0.01169  0.004638         0
    77/599        0G   0.03092   0.01167         0   0.04259         3       640         1    0.9997    0.9951    0.5706   0.01791  0.004564         0
    78/599        0G   0.03065   0.01199         0   0.04264         6       640    0.9658    0.9661     0.985    0.6581    0.0273  0.004022         0
    79/599        0G   0.04646   0.01177         0   0.05822         4       640    0.9658    0.9661     0.985    0.6581    0.0273  0.004022         0
    80/599        0G   0.04226   0.01033         0   0.05259         6       640    0.8631    0.9661    0.9394    0.5279    0.0364  0.003949         0
    81/599        0G   0.05033   0.01142         0   0.06174         4       640    0.8548    0.8982    0.8588    0.4296   0.04098  0.003977         0
    82/599        0G   0.05001   0.01063         0   0.06064         3       640    0.8221    0.8615    0.8731    0.4343   0.03958  0.004191         0
    83/599        0G   0.04525  0.009764         0   0.05501         3       640    0.7713    0.8136    0.8879    0.5186    0.0303  0.004658         0
    84/599        0G   0.04343   0.01348         0    0.0569         5       640    0.9127    0.7119    0.8976     0.629   0.02551  0.004779         0
    85/599        0G   0.03591   0.01185         0   0.04776         7       640    0.8008    0.8305    0.9014    0.7003    0.0254   0.00469         0
    86/599        0G   0.03485    0.0112         0   0.04604         6       640    0.9012    0.8136    0.9259    0.7436   0.02213  0.004476         0
    87/599        0G   0.04011   0.01227         0   0.05238         6       640    0.9455    0.8983    0.9476    0.7157   0.02151  0.004528         0
    88/599        0G   0.03318   0.01208         0   0.04525         3       640    0.9439    0.8644    0.9419    0.6752   0.02044  0.004571         0
    89/599        0G    0.0309   0.01051         0   0.04141         5       640    0.9628    0.8983    0.9526    0.7506   0.01925  0.004559         0
    90/599        0G   0.03886   0.01166         0   0.05051         6       640    0.9643    0.9145     0.983    0.7135   0.02025  0.004492         0
    91/599        0G   0.03442   0.01007         0   0.04449         2       640    0.9993    0.9492     0.991    0.7566   0.01849  0.004173         0
    92/599        0G   0.03623   0.01115         0   0.04738         3       640         1    0.9997    0.9951     0.631   0.01655  0.004242         0
    93/599        0G   0.03741    0.0125         0   0.04991         9       640    0.9811    0.9153    0.9805     0.761   0.01913  0.004116         0
    94/599        0G   0.03049   0.01028         0   0.04077         7       640    0.9822    0.9661    0.9901    0.7038   0.01646  0.003981         0
    95/599        0G    0.0397  0.009586         0   0.04928         5       640    0.9822    0.9661    0.9901    0.7038   0.01646  0.003981         0
    96/599        0G   0.03548  0.009567         0   0.04505         3       640    0.9464    0.8983    0.9776    0.6199   0.02018  0.004146         0
    97/599        0G   0.04221  0.009792         0     0.052         5       640    0.9119    0.8814    0.9664    0.5786   0.02129  0.004306         0
    98/599        0G   0.03568  0.009309         0   0.04499         5       640    0.8739    0.9492    0.9737    0.6172   0.02105  0.004287         0
    99/599        0G   0.03308   0.01022         0   0.04329         4       640    0.9491     0.949    0.9845    0.7056   0.01908  0.004096         0
   100/599        0G    0.0374   0.01162         0   0.04902         8       640    0.9672    0.9996    0.9941     0.775   0.01707  0.003882         0
   101/599        0G   0.03669    0.0114         0   0.04809         5       640         1     0.983    0.9943    0.7126   0.01674  0.003785         0
   102/599        0G   0.02888  0.009876         0   0.03876         7       640         1     0.983    0.9931    0.7249   0.01505  0.003748         0
   103/599        0G   0.02445  0.009165         0   0.03361         2       640     0.983    0.9827    0.9938    0.8078   0.01306  0.003739         0
   104/599        0G   0.02424  0.009195         0   0.03343         3       640         1         1    0.9951    0.8664   0.01142  0.003754         0
   105/599        0G    0.0279  0.009262         0   0.03716         6       640    0.9999         1    0.9951     0.863   0.01216  0.004013         0
   106/599        0G   0.02626  0.009025         0   0.03529         4       640         1         1    0.9951    0.7975   0.01597  0.003862         0
   107/599        0G   0.02879    0.0106         0   0.03938         3       640    0.9516    0.9999    0.9925    0.5736   0.01561  0.003814         0
   108/599        0G   0.02695  0.008772         0   0.03572         4       640         1         1    0.9951    0.7764   0.01488   0.00353         0
   109/599        0G   0.03089   0.01071         0    0.0416         6       640         1         1    0.9951    0.6393   0.01702  0.003614         0
   110/599        0G   0.03575   0.01014         0   0.04589         3       640         1         1    0.9951    0.8094   0.01203  0.003525         0
   111/599        0G    0.0268   0.01034         0   0.03714         3       640         1         1    0.9951    0.8094   0.01203  0.003525         0
   112/599        0G   0.02625   0.01089         0   0.03714         2       640    0.9516         1    0.9935    0.6499   0.01733   0.00377         0
   113/599        0G   0.02567  0.009625         0   0.03529         2       640    0.9824    0.9492    0.9888    0.5975   0.01988  0.003828         0
   114/599        0G   0.02546   0.01025         0   0.03571         2       640    0.9516    0.9998    0.9933    0.6415   0.01806  0.003792         0
   115/599        0G   0.02702  0.009934         0   0.03695         4       640         1         1    0.9951    0.6953     0.014    0.0036         0
   116/599        0G   0.02258   0.01058         0   0.03316         5       640         1         1    0.9951    0.8212   0.01138  0.003459         0
   117/599        0G   0.01989  0.008949         0   0.02884         2       640         1         1    0.9951    0.8446   0.01079  0.003424         0
   118/599        0G   0.02457   0.01102         0   0.03559         4       640         1         1    0.9951    0.8572   0.01004  0.003421         0
   119/599        0G   0.02073   0.00871         0   0.02944         4       640         1         1    0.9951    0.8152   0.01271  0.003512         0
   120/599        0G   0.02078  0.008307         0   0.02909         4       640         1         1    0.9951    0.8371   0.01076  0.003491         0
   121/599        0G   0.02266  0.009429         0   0.03209         5       640    0.9999         1    0.9951     0.814   0.01028  0.003328         0
   122/599        0G   0.01826  0.007959         0   0.02622         4       640    0.9508    0.9828    0.9902    0.8413    0.0125  0.003386         0
   123/599        0G    0.0251  0.009738         0   0.03484         7       640         1         1    0.9952    0.7684   0.01459  0.003341         0
   124/599        0G     0.025  0.008121         0   0.03312         5       640    0.9516    0.9999     0.988    0.8114   0.01236  0.003283         0
   125/599        0G   0.02962   0.01054         0   0.04015         7       640         1    0.9999    0.9952    0.8058   0.01108  0.003153         0
   126/599        0G   0.02104  0.008465         0   0.02951         4       640    0.8082         1    0.9541    0.7141   0.01272  0.003291         0
   127/599        0G    0.0251  0.009838         0   0.03494         3       640    0.8082         1    0.9541    0.7141   0.01272  0.003291         0
   128/599        0G   0.02781   0.01027         0   0.03808         4       640    0.7213    0.9648     0.911    0.5653     0.016  0.003497         0
   129/599        0G   0.02129  0.009061         0   0.03035         6       640    0.6542    0.9661    0.8794    0.4878   0.01693  0.003597         0
   130/599        0G   0.02688  0.009812         0   0.03669         5       640    0.6858         1    0.8813    0.4832   0.01641  0.003646         0
   131/599        0G   0.02274   0.01061         0   0.03335         7       640    0.7661    0.9991    0.8974     0.504   0.01406  0.003655         0
   132/599        0G   0.02407  0.008925         0   0.03299         4       640    0.9365         1    0.9787    0.6322   0.01123  0.003561         0
   133/599        0G   0.01952  0.008759         0   0.02828         5       640         1         1    0.9952    0.8007  0.009297  0.003561         0
   134/599        0G   0.02035  0.009737         0   0.03008         7       640         1         1    0.9952    0.8235   0.00872   0.00345         0
   135/599        0G   0.01859  0.009929         0   0.02851         5       640    0.9997         1    0.9952    0.8103   0.00943  0.003586         0
   136/599        0G   0.02169  0.008632         0   0.03033         2       640         1         1    0.9952    0.7447  0.009946  0.003476         0
   137/599        0G   0.02205  0.008246         0    0.0303         3       640         1    0.9997    0.9952    0.8441   0.01019  0.003481         0
   138/599        0G   0.01642  0.008022         0   0.02444         3       640    0.9833         1     0.995    0.8538  0.009998  0.003343         0
   139/599        0G   0.02157  0.009022         0    0.0306         4       640    0.9515         1     0.993    0.7769   0.01431  0.003465         0
   140/599        0G    0.0266  0.008639         0   0.03524         4       640    0.9833         1    0.9939    0.8037   0.01296  0.003374         0
   141/599        0G   0.02307  0.008236         0   0.03131         1       640         1         1    0.9952    0.8189   0.01134  0.003351         0
   142/599        0G   0.02624   0.01047         0   0.03671         7       640    0.9833         1    0.9951    0.8521  0.009906  0.003283         0
   143/599        0G   0.02084  0.009248         0   0.03009         5       640    0.9833         1    0.9951    0.8521  0.009906  0.003283         0
   144/599        0G   0.02661   0.00829         0    0.0349         3       640    0.9344    0.9658    0.9829    0.7619   0.01304  0.003605         0
   145/599        0G   0.03015  0.009479         0   0.03963         6       640    0.9177    0.9492     0.978    0.7096   0.01321   0.00377         0
   146/599        0G   0.02573   0.01026         0   0.03599         8       640    0.9833         1    0.9952    0.7439   0.01124  0.003709         0
   147/599        0G   0.03071  0.008562         0   0.03927         2       640         1         1    0.9954    0.8359  0.009275  0.003422         0
   148/599        0G   0.02123  0.009604         0   0.03083         4       640         1         1    0.9954    0.8811  0.009596  0.003329         0
   149/599        0G   0.01711  0.008458         0   0.02557         5       640         1         1    0.9954    0.8891  0.009025  0.003361         0
   150/599        0G   0.01833  0.008143         0   0.02647         6       640         1         1    0.9954    0.8756  0.007544  0.003361         0
   151/599        0G   0.01683  0.008611         0   0.02544         3       640         1         1    0.9953    0.8906  0.007071  0.003311         0
   152/599        0G   0.01551  0.007883         0   0.02339         4       640         1         1    0.9953    0.9005  0.008784   0.00327         0
   153/599        0G   0.01731  0.008193         0   0.02551         5       640         1         1    0.9953    0.8215   0.01044  0.003301         0
   154/599        0G   0.02017  0.008676         0   0.02885         4       640         1         1    0.9954    0.8705   0.01013  0.003147         0
   155/599        0G    0.0201  0.009337         0   0.02944         5       640         1         1    0.9954     0.843    0.0107  0.003154         0
   156/599        0G   0.01921  0.007789         0     0.027         2       640         1         1    0.9955    0.7764   0.01222  0.003157         0
   157/599        0G   0.02371  0.008327         0   0.03204         2       640         1         1    0.9955    0.8553   0.00892  0.002911         0
   158/599        0G   0.02016  0.008065         0   0.02823         6       640         1         1    0.9955    0.7669   0.01227  0.003026         0
   159/599        0G   0.02594  0.009375         0   0.03531         5       640         1         1    0.9955    0.7669   0.01227  0.003026         0
   160/599        0G   0.02819  0.008329         0   0.03652         4       640    0.9833         1    0.9865    0.6568   0.01646  0.003172         0
   161/599        0G    0.0346  0.009774         0   0.04437         8       640    0.9516         1    0.9795    0.6341    0.0165  0.003233         0
   162/599        0G   0.02965  0.007744         0    0.0374         8       640    0.9672         1    0.9796    0.6735   0.01338   0.00319         0
   163/599        0G   0.02874  0.009425         0   0.03816         6       640    0.9672         1    0.9826    0.7574   0.01178  0.003118         0
   164/599        0G   0.02731  0.007087         0    0.0344         3       640    0.9672         1    0.9866    0.8459  0.009097  0.003059         0
   165/599        0G   0.02176  0.007693         0   0.02945         4       640    0.9833         1    0.9931    0.8477  0.009606   0.00301         0
   166/599        0G   0.02094  0.008352         0   0.02929         2       640    0.9833         1    0.9943    0.8627  0.009018  0.003011         0
   167/599        0G   0.01796  0.007788         0   0.02575         7       640         1         1    0.9956    0.8682  0.008727  0.002889         0
   168/599        0G   0.01907  0.007565         0   0.02664         6       640         1         1    0.9956    0.7636   0.01164  0.002931         0
   169/599        0G   0.01849  0.006992         0   0.02548         5       640         1         1    0.9956    0.8363  0.008703  0.002787         0
   170/599        0G   0.01779  0.008058         0   0.02585         5       640         1         1    0.9956    0.8615   0.01045  0.002864         0
   171/599        0G   0.02129  0.008038         0   0.02933         6       640         1         1    0.9955    0.8061   0.01018  0.002983         0
   172/599        0G   0.01953  0.007506         0   0.02703         2       640         1         1    0.9955    0.8031    0.0109  0.002853         0
   173/599        0G   0.01678  0.006912         0   0.02369         4       640         1         1    0.9955    0.7118   0.01356  0.003145         0
   174/599        0G   0.02709   0.00847         0   0.03556         2       640         1         1    0.9955    0.8984  0.007783  0.002952         0
   175/599        0G   0.01527  0.007665         0   0.02294         6       640         1         1    0.9955    0.8984  0.007783  0.002952         0
   176/599        0G   0.01817   0.00779         0   0.02596         8       640         1         1    0.9955    0.8176   0.01021   0.00324         0
   177/599        0G   0.01632   0.00792         0   0.02424         5       640         1         1    0.9955     0.778   0.01156  0.003488         0
   178/599        0G   0.02134  0.007607         0   0.02895         4       640         1         1    0.9955    0.7957    0.0107  0.003623         0
   179/599        0G   0.01696  0.007751         0   0.02471         3       640         1         1    0.9955    0.8508  0.009143  0.003523         0
   180/599        0G   0.01551  0.007656         0   0.02317         6       640         1         1    0.9955     0.889   0.00789  0.003394         0
   181/599        0G   0.01727   0.00813         0    0.0254         3       640         1         1    0.9955    0.8964  0.007085  0.003348         0
   182/599        0G   0.01486  0.007592         0   0.02245         2       640         1         1    0.9955    0.9171  0.006578  0.003062         0
   183/599        0G   0.01445  0.008019         0   0.02247         4       640         1         1    0.9955    0.9224  0.006956  0.003173         0
   184/599        0G   0.01777  0.008396         0   0.02616         8       640         1         1    0.9954    0.9035  0.007222  0.002983         0
   185/599        0G   0.01665  0.008157         0    0.0248         4       640         1         1    0.9954    0.8798  0.008267  0.003039         0
   186/599        0G   0.01502  0.008946         0   0.02397         8       640         1         1    0.9955    0.8526  0.008403  0.003104         0
   187/599        0G   0.01554  0.007498         0   0.02304         3       640         1         1    0.9955    0.8386      0.01   0.00301         0
   188/599        0G   0.02227  0.007827         0    0.0301         6       640         1         1    0.9956    0.8421  0.009638  0.002851         0
   189/599        0G    0.0193  0.006822         0   0.02612         2       640         1         1    0.9956    0.7685   0.01148  0.002964         0
   190/599        0G   0.02195  0.008818         0   0.03076         5       640         1         1    0.9957    0.8636  0.006788  0.002729         0
   191/599        0G   0.02099  0.008816         0   0.02981         2       640         1         1    0.9957    0.8636  0.006788  0.002729         0
   192/599        0G   0.01868  0.008101         0   0.02678         4       640         1         1    0.9957    0.7731   0.01028  0.002964         0
   193/599        0G   0.01796  0.006822         0   0.02479         3       640         1         1    0.9958    0.7343   0.01111  0.003098         0
   194/599        0G   0.01732  0.008732         0   0.02605         5       640         1         1    0.9958    0.7493   0.01049  0.003098         0
   195/599        0G   0.01464  0.008095         0   0.02273         6       640         1         1    0.9959    0.8147  0.008329  0.003041         0
   196/599        0G   0.01391  0.006873         0   0.02078         3       640         1         1    0.9958    0.8503  0.007218  0.002946         0
   197/599        0G   0.01643  0.008501         0   0.02493         3       640         1         1    0.9958    0.8625    0.0064  0.002888         0
   198/599        0G   0.01418  0.008672         0   0.02285         5       640         1         1    0.9958    0.8732  0.006259  0.002782         0
   199/599        0G   0.01159  0.006762         0   0.01835         1       640         1         1    0.9958    0.8766  0.006413  0.002799         0
   200/599        0G   0.01394  0.008432         0   0.02237         5       640         1         1    0.9957    0.8934  0.008188  0.002779         0
   201/599        0G   0.01632  0.007732         0   0.02405         4       640         1         1    0.9956     0.776  0.009726   0.00279         0
   202/599        0G    0.0184  0.007682         0   0.02608         3       640         1         1    0.9956    0.8791  0.008208   0.00273         0
   203/599        0G   0.01764  0.007147         0   0.02478         6       640         1         1    0.9956    0.7115   0.01201  0.003032         0
   204/599        0G   0.02046  0.008761         0   0.02923         3       640         1         1    0.9956    0.8797  0.007058  0.002756         0
   205/599        0G   0.01813  0.008868         0     0.027         6       640         1         1    0.9957    0.7815   0.01051  0.003005         0
   206/599        0G   0.01582  0.007416         0   0.02324         6       640         1         1    0.9958    0.7713   0.01312  0.002995         0
   207/599        0G   0.02182  0.008924         0   0.03074         6       640         1         1    0.9958    0.7713   0.01312  0.002995         0
   208/599        0G   0.02698  0.007968         0   0.03494         4       640         1         1    0.9958    0.5834   0.02145  0.003381         0
   209/599        0G   0.03077  0.008907         0   0.03967         2       640    0.9342    0.9661     0.989    0.5016   0.02508  0.003519         0
   210/599        0G   0.02891  0.007854         0   0.03676         2       640    0.9409    0.9322    0.9837    0.5128   0.02566  0.003473         0
   211/599        0G   0.02466  0.007017         0   0.03168         3       640    0.9177    0.9492     0.974    0.6312   0.02104  0.003305         0
   212/599        0G   0.01951  0.007396         0    0.0269         5       640    0.9833         1    0.9955    0.8149   0.01317  0.003126         0
   213/599        0G   0.01677  0.008421         0   0.02519         2       640    0.9833    0.9999    0.9955    0.8641  0.009439  0.003106         0
   214/599        0G   0.01312  0.008478         0    0.0216         8       640         1         1     0.996     0.858  0.008675  0.003096         0
   215/599        0G   0.01505  0.007655         0    0.0227         6       640         1         1     0.996    0.8836  0.007171  0.003086         0
   216/599        0G   0.01392   0.00715         0   0.02107         3       640         1         1    0.9959    0.8949  0.006002  0.002925         0
   217/599        0G   0.01472  0.008089         0   0.02281         5       640         1         1    0.9958    0.9093  0.006486  0.002867         0
   218/599        0G   0.01368  0.006839         0   0.02052         6       640         1         1    0.9958    0.8736  0.007495  0.002947         0
   219/599        0G   0.01652  0.007392         0   0.02391         5       640         1         1    0.9957    0.8815  0.009101     0.003         0
   220/599        0G   0.01915  0.008437         0   0.02759         3       640         1         1    0.9957    0.8438   0.01068  0.003053         0
   221/599        0G   0.01634  0.006484         0   0.02283         6       640         1         1    0.9957    0.8538  0.008288  0.003052         0
   222/599        0G   0.01378  0.006186         0   0.01997         4       640         1         1    0.9958    0.8919  0.008339  0.002979         0
   223/599        0G   0.02061  0.009309         0   0.02992         7       640         1         1    0.9958    0.8919  0.008339  0.002979         0
   224/599        0G   0.02439  0.008096         0   0.03248         6       640         1         1    0.9958    0.8208   0.01194  0.003212         0
   225/599        0G   0.02424  0.008482         0   0.03272         6       640         1         1    0.9958    0.7993   0.01266  0.003325         0
   226/599        0G   0.02084  0.007331         0   0.02818         2       640    0.9999         1    0.9958    0.8147   0.01178  0.003296         0
   227/599        0G   0.02164  0.007768         0   0.02941         3       640    0.9833         1    0.9953    0.8631   0.01043  0.003204         0
   228/599        0G   0.01675  0.007099         0   0.02385         3       640         1         1    0.9958    0.8886  0.008726  0.003001         0
   229/599        0G   0.01769  0.006603         0   0.02429         5       640         1         1    0.9958    0.8933  0.007382  0.002902         0
   230/599        0G   0.01537  0.008083         0   0.02345         5       640         1         1    0.9958      0.84  0.008019  0.002905         0
   231/599        0G   0.01382  0.005918         0   0.01974         5       640         1         1    0.9958    0.9009  0.007505   0.00281         0
   232/599        0G   0.01538  0.006912         0   0.02229         2       640         1         1    0.9958    0.9029  0.007072   0.00274         0
   233/599        0G   0.01522  0.007355         0   0.02258         6       640         1         1    0.9958    0.9156  0.006568  0.002674         0
   234/599        0G   0.01361  0.006422         0   0.02003         3       640         1         1    0.9958    0.8891  0.007856   0.00273         0
   235/599        0G   0.01416  0.006333         0   0.02049         3       640         1         1    0.9958    0.8846  0.006951  0.002671         0
   236/599        0G   0.02161  0.007309         0   0.02892         7       640         1         1    0.9959    0.9042  0.008473  0.002655         0
   237/599        0G   0.01881  0.006829         0   0.02564         5       640         1         1    0.9959    0.8778  0.009371   0.00269         0
   238/599        0G   0.01764  0.007642         0   0.02528         8       640         1         1    0.9961     0.891  0.008713  0.002697         0
   239/599        0G   0.01848  0.008212         0    0.0267         6       640         1         1    0.9961     0.891  0.008713  0.002697         0
   240/599        0G   0.02422  0.008183         0    0.0324         7       640    0.9998         1    0.9961    0.7875   0.01325  0.002981         0
   241/599        0G   0.02963   0.00895         0   0.03858         6       640    0.9998         1    0.9961    0.7362   0.01556  0.003152         0
   242/599        0G   0.02702  0.008007         0   0.03503         5       640    0.9995         1    0.9961    0.7464   0.01508  0.003175         0
   243/599        0G      0.02  0.006516         0   0.02652         3       640         1    0.9999    0.9961    0.8229   0.01218  0.003102         0
   244/599        0G   0.02166  0.008055         0   0.02972         4       640         1    0.9996    0.9961    0.8786  0.009678   0.00311         0
   245/599        0G   0.01726   0.00847         0   0.02572         4       640         1         1    0.9961    0.8959   0.00822  0.002983         0
   246/599        0G   0.01358  0.006574         0   0.02015         5       640         1         1     0.996    0.8639  0.007331  0.002952         0
   247/599        0G   0.01379   0.00666         0   0.02045         3       640         1         1     0.996    0.9027  0.006396  0.002797         0
   248/599        0G   0.01368  0.006182         0   0.01987         3       640         1         1     0.996    0.8787  0.006279  0.002668         0
   249/599        0G   0.01164  0.006223         0   0.01786         5       640         1         1    0.9959    0.8746  0.006341  0.002633         0
   250/599        0G   0.01647  0.007646         0   0.02412         7       640         1         1    0.9959    0.8668  0.006508  0.002627         0
   251/599        0G   0.01415  0.007406         0   0.02156         3       640         1         1    0.9959    0.8842  0.006999  0.002677         0
   252/599        0G   0.01909  0.008579         0   0.02767         6       640         1         1    0.9959    0.9233  0.006599  0.002585         0
   253/599        0G   0.01538  0.006842         0   0.02222         3       640         1         1    0.9958    0.8219  0.009277  0.002862         0
   254/599        0G   0.01615  0.006566         0   0.02272         5       640         1         1    0.9959    0.8942  0.006278  0.002687         0
   255/599        0G   0.01786  0.006895         0   0.02475         3       640         1         1    0.9959    0.8942  0.006278  0.002687         0
   256/599        0G   0.02027  0.007082         0   0.02736         3       640         1         1    0.9959    0.8269  0.009113  0.002994         0
   257/599        0G   0.01881  0.007013         0   0.02582         6       640         1         1    0.9959    0.7778   0.01061  0.003172         0
   258/599        0G   0.01538  0.007101         0   0.02248         3       640         1         1    0.9958    0.7741   0.01024  0.003223         0
   259/599        0G   0.01648  0.006871         0   0.02335         7       640         1         1    0.9959     0.813  0.008427  0.003101         0
   260/599        0G     0.018  0.007491         0   0.02549         3       640         1         1    0.9959    0.8588  0.007149  0.002999         0
   261/599        0G   0.01743  0.007695         0   0.02513         2       640         1         1    0.9959    0.8735  0.006776  0.002902         0
   262/599        0G   0.01749  0.007135         0   0.02463         6       640         1         1    0.9959    0.9025  0.006832  0.002791         0
   263/599        0G   0.01417  0.007055         0   0.02123         4       640         1         1     0.996    0.9291  0.005687  0.002705         0
   264/599        0G   0.01363  0.006298         0   0.01992         6       640    0.9999         1     0.996    0.9366  0.006073   0.00273         0
   265/599        0G    0.0146  0.007393         0   0.02199         4       640         1         1     0.996    0.9103   0.00633  0.002706         0
   266/599        0G   0.01577  0.006396         0   0.02216         6       640         1         1     0.996    0.9243  0.006277  0.002682         0
   267/599        0G   0.01433  0.007052         0   0.02138         7       640         1         1     0.996    0.9256  0.006719  0.002613         0
   268/599        0G   0.01968  0.006436         0   0.02612         3       640         1         1     0.996    0.8621  0.009025  0.002793         0
   269/599        0G   0.01517  0.007364         0   0.02254         5       640         1         1    0.9961     0.926  0.006009  0.002709         0
   270/599        0G   0.01608  0.008254         0   0.02433         5       640         1         1    0.9961    0.8647  0.007405  0.002635         0
   271/599        0G   0.01307   0.00619         0   0.01926         4       640         1         1    0.9961    0.8647  0.007405  0.002635         0
   272/599        0G   0.01676  0.006867         0   0.02363         5       640         1         1    0.9961    0.7813   0.01091  0.003052         0
   273/599        0G   0.01802  0.007452         0   0.02547         2       640         1         1    0.9961     0.756   0.01187   0.00332         0
   274/599        0G    0.0183  0.008354         0   0.02666         4       640         1         1    0.9961    0.7935   0.01033  0.003268         0
   275/599        0G   0.01397  0.006985         0   0.02095         3       640         1         1    0.9961    0.8586  0.007587  0.003057         0
   276/599        0G   0.01151  0.006664         0   0.01817         7       640         1         1    0.9961    0.8798  0.006934  0.002783         0
   277/599        0G   0.01506  0.006861         0   0.02192         3       640         1         1    0.9961    0.8884  0.006604  0.002547         0
   278/599        0G   0.01484  0.007502         0   0.02235         2       640         1         1    0.9961    0.8918  0.006209  0.002632         0
   279/599        0G   0.01278  0.006032         0   0.01881         5       640         1         1    0.9961     0.893  0.005378  0.002531         0
   280/599        0G   0.01197  0.006096         0   0.01807         3       640         1         1    0.9961    0.9317  0.005128   0.00245         0
   281/599        0G   0.01449  0.007218         0   0.02171         5       640         1         1    0.9961    0.9431  0.005107  0.002452         0
   282/599        0G   0.01269   0.00628         0   0.01898         3       640         1         1    0.9961    0.9371  0.006312  0.002455         0
   283/599        0G   0.01708  0.007439         0   0.02452         6       640         1         1    0.9961    0.9464  0.005627  0.002438         0
   284/599        0G   0.01257  0.006038         0   0.01861         3       640         1         1    0.9961    0.9114  0.006872  0.002548         0
   285/599        0G   0.01957  0.007563         0   0.02713         3       640         1         1    0.9961    0.8608  0.007365  0.002497         0
   286/599        0G   0.01757   0.00718         0   0.02475         8       640         1         1    0.9962    0.9308  0.006232  0.002486         0
   287/599        0G   0.01269  0.007039         0   0.01973         3       640         1         1    0.9962    0.9308  0.006232  0.002486         0
   288/599        0G    0.0171  0.007336         0   0.02444         5       640         1         1    0.9962    0.8852  0.008867  0.002675         0
   289/599        0G   0.01736    0.0064         0   0.02376         4       640         1         1    0.9962    0.8693  0.009836  0.002777         0
   290/599        0G   0.02017   0.00693         0    0.0271         4       640         1         1    0.9962    0.8728  0.009436  0.002828         0
   291/599        0G   0.01607  0.005935         0   0.02201         1       640         1         1    0.9962    0.8916  0.007938   0.00288         0
   292/599        0G   0.01544  0.006798         0   0.02224         7       640         1         1    0.9962    0.8917   0.00678  0.002854         0
   293/599        0G   0.01301  0.007056         0   0.02007         3       640         1         1    0.9962     0.897  0.006401  0.002894         0
   294/599        0G   0.01218  0.007857         0   0.02004         8       640         1         1    0.9962    0.8909  0.005713  0.002779         0
   295/599        0G   0.01177  0.006694         0   0.01847         2       640         1         1    0.9962    0.9214  0.005139  0.002655         0
   296/599        0G   0.01318  0.006445         0   0.01962         8       640         1         1    0.9962    0.9221  0.005983  0.002424         0
   297/599        0G   0.01469  0.007141         0   0.02183         5       640         1         1    0.9962     0.934  0.005548  0.002434         0
   298/599        0G   0.01233  0.006063         0    0.0184         6       640         1         1    0.9962    0.9451  0.004824  0.002329         0
   299/599        0G   0.01381  0.007316         0   0.02112         4       640         1         1    0.9962    0.8822  0.007894  0.002397         0
   300/599        0G   0.01449  0.006546         0   0.02104         4       640         1         1    0.9962     0.884  0.007327  0.002392         0
   301/599        0G   0.01618  0.006076         0   0.02225         4       640         1         1    0.9962    0.8727  0.007997  0.002531         0
   302/599        0G    0.0184    0.0065         0    0.0249         5       640         1         1    0.9963    0.9118  0.006044  0.002282         0
   303/599        0G   0.01394  0.006591         0   0.02053         5       640         1         1    0.9963    0.9118  0.006044  0.002282         0
   304/599        0G      0.02  0.007745         0   0.02775         6       640         1         1    0.9963    0.8127    0.0101  0.002551         0
   305/599        0G   0.01587  0.007258         0   0.02313         6       640         1         1    0.9964    0.7641   0.01135   0.00269         0
   306/599        0G   0.01447  0.006302         0   0.02077         5       640         1         1    0.9964    0.7951  0.008776  0.002647         0
   307/599        0G   0.01401  0.007203         0   0.02121         8       640         1         1    0.9964    0.8785  0.006235  0.002506         0
   308/599        0G   0.01351  0.007039         0   0.02054         7       640         1         1    0.9964    0.9229  0.005669  0.002478         0
   309/599        0G   0.01208   0.00613         0   0.01821         3       640         1         1    0.9964     0.932  0.005522  0.002486         0
   310/599        0G  0.009137   0.00596         0    0.0151         3       640         1         1    0.9963    0.9431  0.005195  0.002459         0
   311/599        0G   0.01323  0.006118         0   0.01935         5       640         1         1    0.9963    0.9374  0.004922  0.002426         0
   312/599        0G   0.01022  0.006729         0   0.01695         3       640         1         1    0.9962    0.9519  0.005224  0.002468         0
   313/599        0G   0.01208  0.006167         0   0.01825         3       640         1         1    0.9962    0.9305  0.004717  0.002506         0
   314/599        0G   0.01092  0.006558         0   0.01748         3       640         1         1    0.9961     0.904  0.006414  0.002635         0
   315/599        0G   0.01045  0.005502         0   0.01595         5       640         1         1    0.9961    0.9083  0.005781  0.002508         0
   316/599        0G   0.01461   0.00664         0   0.02125         6       640         1         1    0.9961    0.9002  0.006358  0.002539         0
   317/599        0G   0.01247  0.006658         0   0.01912         4       640         1         1    0.9961    0.8805  0.006479  0.002456         0
   318/599        0G   0.01177  0.006459         0   0.01823         6       640         1         1     0.996    0.9063  0.008098  0.002437         0
   319/599        0G   0.01469  0.006826         0   0.02152         4       640         1         1     0.996    0.9063  0.008098  0.002437         0
   320/599        0G   0.01637  0.005508         0   0.02188         2       640         1         1    0.9961    0.8338     0.012  0.002701         0
   321/599        0G   0.02071   0.00683         0   0.02754         5       640         1         1    0.9961    0.7987   0.01382  0.002821         0
   322/599        0G   0.01884  0.006624         0   0.02546         5       640         1         1    0.9961     0.807   0.01397  0.002831         0
   323/599        0G   0.01667  0.007163         0   0.02383         6       640         1         1     0.996     0.865   0.01258  0.002704         0
   324/599        0G   0.01349  0.006565         0   0.02006         5       640         1         1     0.996    0.9245   0.01051  0.002518         0
   325/599        0G   0.01292  0.005996         0   0.01892         3       640         1         1    0.9961    0.9141  0.008519  0.002406         0
   326/599        0G   0.01234  0.006372         0   0.01871         5       640         1         1    0.9961    0.8787  0.006663  0.002474         0
   327/599        0G   0.01204  0.005653         0   0.01769         4       640         1         1    0.9961    0.9066  0.005432  0.002444         0
   328/599        0G    0.0123  0.006541         0   0.01884         2       640         1         1    0.9961     0.927  0.005119  0.002375         0
   329/599        0G   0.01017  0.007228         0    0.0174         7       640         1         1    0.9961    0.9384  0.004775  0.002292         0
   330/599        0G   0.01185  0.006633         0   0.01848         3       640         1         1    0.9961    0.9468  0.004616  0.002289         0
   331/599        0G   0.01025  0.005762         0   0.01602         6       640         1         1    0.9961    0.9494  0.004864  0.002388         0
   332/599        0G   0.01275  0.005897         0   0.01864         3       640         1         1     0.996    0.9318  0.005174  0.002427         0
   333/599        0G   0.01091  0.006093         0     0.017         3       640         1         1     0.996    0.9329  0.005646  0.002452         0
   334/599        0G   0.01275  0.006119         0   0.01886         6       640         1         1     0.996    0.9512  0.005132  0.002431         0
   335/599        0G   0.01032  0.005457         0   0.01578         2       640         1         1     0.996    0.9512  0.005132  0.002431         0
   336/599        0G   0.01293  0.006637         0   0.01957         4       640         1         1    0.9961    0.9199   0.00686  0.002621         0
   337/599        0G   0.01276  0.006912         0   0.01967         8       640         1         1    0.9961    0.9174  0.007734  0.002677         0
   338/599        0G   0.01597  0.006723         0    0.0227         2       640         1    0.9992    0.9961    0.9128  0.007988  0.002647         0
   339/599        0G   0.01338  0.006748         0   0.02013         4       640         1         1    0.9961    0.9274  0.007264  0.002511         0
   340/599        0G   0.01387  0.006129         0   0.01999         6       640         1         1    0.9962    0.9299  0.005434  0.002353         0
   341/599        0G   0.01005  0.005297         0   0.01535         3       640         1         1    0.9961    0.9216  0.005448  0.002342         0
   342/599        0G  0.009939  0.005428         0   0.01537         3       640         1         1    0.9962      0.94  0.005111  0.002306         0
   343/599        0G   0.01102  0.005666         0   0.01668         3       640         1         1    0.9962    0.9374  0.004624  0.002257         0
   344/599        0G  0.008812    0.0049         0   0.01371         6       640         1         1    0.9962    0.9481  0.004718  0.002244         0
   345/599        0G   0.01072  0.006324         0   0.01704         6       640         1         1    0.9963    0.9413  0.004559  0.002258         0
   346/599        0G   0.01013  0.006146         0   0.01627         6       640         1         1    0.9963    0.9508  0.005086  0.002251         0
   347/599        0G   0.01011  0.005796         0   0.01591         3       640         1         1    0.9963    0.9287  0.004894  0.002317         0
   348/599        0G   0.01162  0.006148         0   0.01776         3       640         1         1    0.9962    0.9015  0.006775  0.002469         0
   349/599        0G    0.0126  0.006397         0     0.019         5       640         1         1    0.9964    0.9404  0.004766  0.002301         0
   350/599        0G   0.01103  0.005276         0    0.0163         3       640         1         1    0.9964    0.9394  0.006456  0.002391         0
   351/599        0G   0.01187   0.00546         0   0.01733         3       640         1         1    0.9964    0.9394  0.006456  0.002391         0
   352/599        0G     0.014  0.005938         0   0.01993         8       640         1         1    0.9964    0.8957  0.009039  0.002627         0
   353/599        0G   0.01412  0.005674         0    0.0198         5       640         1         1    0.9964    0.8675  0.009654  0.002748         0
   354/599        0G   0.01284  0.006321         0   0.01916         5       640         1         1    0.9965    0.8862  0.008261  0.002717         0
   355/599        0G   0.01114  0.006019         0   0.01716         5       640         1         1    0.9965    0.9318  0.006653   0.00249         0
   356/599        0G   0.01029  0.005701         0   0.01599         2       640         1         1    0.9965    0.9354  0.005076  0.002338         0
   357/599        0G   0.00985  0.005728         0   0.01558         6       640         1         1    0.9966    0.9266  0.005039  0.002366         0
   358/599        0G   0.01143  0.006493         0   0.01792         3       640         1         1    0.9966     0.939  0.004474  0.002387         0
   359/599        0G   0.01225  0.005713         0   0.01796         8       640         1         1    0.9966    0.9439  0.004445   0.00246         0
   360/599        0G  0.009626  0.005919         0   0.01555         5       640         1         1    0.9966    0.9443  0.004248  0.002333         0
   361/599        0G  0.009063  0.005789         0   0.01485         3       640         1         1    0.9967    0.9506  0.004134  0.002326         0
   362/599        0G  0.009323  0.006504         0   0.01583         7       640         1         1    0.9967     0.953  0.004146  0.002212         0
   363/599        0G   0.01197  0.006197         0   0.01816         3       640         1         1    0.9968    0.9486  0.004636  0.002264         0
   364/599        0G   0.01017  0.005154         0   0.01533         8       640         1         1    0.9967     0.931   0.00667  0.002376         0
   365/599        0G   0.01379  0.006397         0   0.02019         8       640         1         1    0.9967    0.9309  0.004655  0.002242         0
   366/599        0G    0.0123  0.006798         0    0.0191         6       640         1         1    0.9967    0.9531  0.004928  0.002185         0
   367/599        0G   0.01197  0.006501         0   0.01847         6       640         1         1    0.9967    0.9531  0.004928  0.002185         0
   368/599        0G   0.02042  0.007202         0   0.02762         4       640         1         1    0.9967    0.9185   0.00698  0.002338         0
   369/599        0G   0.01715  0.008418         0   0.02557         8       640         1         1    0.9966    0.8957  0.007639  0.002377         0
   370/599        0G   0.01849  0.007674         0   0.02616         4       640         1         1    0.9967    0.9056  0.007226  0.002343         0
   371/599        0G   0.01288  0.006453         0   0.01933         5       640         1         1    0.9967    0.9306  0.006336   0.00223         0
   372/599        0G   0.01154  0.005641         0   0.01718         5       640         1         1    0.9967    0.9317  0.006137  0.002173         0
   373/599        0G   0.01538  0.006204         0   0.02158         4       640         1         1    0.9966    0.9201  0.006016  0.002214         0
   374/599        0G   0.01212  0.007457         0   0.01958         5       640         1         1    0.9966     0.945  0.004618  0.002201         0
   375/599        0G  0.009087  0.005851         0   0.01494         5       640         1         1    0.9967    0.9491  0.004182  0.002212         0
   376/599        0G   0.01045  0.005899         0   0.01635         6       640         1         1    0.9966     0.957  0.003879  0.002243         0
   377/599        0G  0.008739  0.005356         0   0.01409         5       640         1         1    0.9966    0.9505  0.004252  0.002278         0
   378/599        0G  0.007749  0.005221         0   0.01297         4       640         1         1    0.9966     0.956  0.004085  0.002241         0
   379/599        0G   0.01026  0.006782         0   0.01704         6       640         1         1    0.9965    0.9675   0.00454  0.002411         0
   380/599        0G  0.009508  0.004961         0   0.01447         5       640         1         1    0.9965    0.9524  0.005163  0.002487         0
   381/599        0G   0.01117  0.005863         0   0.01703         5       640         1         1    0.9965    0.9602  0.004152  0.002404         0
   382/599        0G      0.01  0.006306         0   0.01631         5       640         1         1    0.9965    0.9608  0.004831  0.002401         0
   383/599        0G   0.01147  0.005735         0   0.01721         8       640         1         1    0.9965    0.9608  0.004831  0.002401         0
   384/599        0G   0.01449  0.006213         0   0.02071         4       640         1         1    0.9964    0.9394  0.006599  0.002559         0
   385/599        0G   0.01234  0.005605         0   0.01794         5       640         1         1    0.9964    0.9423  0.006971  0.002598         0
   386/599        0G   0.01162  0.006071         0   0.01769         3       640         1         1    0.9965    0.9569  0.006251  0.002488         0
   387/599        0G   0.01171  0.004918         0   0.01662         5       640         1         1    0.9965    0.9671   0.00484  0.002312         0
   388/599        0G   0.01182  0.005621         0   0.01744         6       640         1         1    0.9965    0.9628  0.004023  0.002206         0
   389/599        0G  0.009417  0.004982         0    0.0144         5       640         1         1    0.9965    0.9635   0.00418  0.002229         0
   390/599        0G  0.009723  0.005525         0   0.01525         3       640         1         1    0.9965    0.9704  0.004122  0.002259         0
   391/599        0G  0.008588   0.00487         0   0.01346         4       640         1         1    0.9965    0.9664  0.003628  0.002318         0
   392/599        0G   0.01013    0.0053         0   0.01542         5       640         1         1    0.9966    0.9686  0.003731  0.002363         0
   393/599        0G  0.008224  0.005267         0   0.01349         4       640         1         1    0.9966    0.9579  0.003877  0.002371         0
   394/599        0G   0.01021  0.006608         0   0.01682         6       640         1         1    0.9965     0.969  0.004377  0.002363         0
   395/599        0G     0.012  0.006383         0   0.01839         3       640         1         1    0.9966    0.9492  0.005221  0.002396         0
   396/599        0G   0.01066   0.00553         0   0.01619         4       640         1         1    0.9966    0.9533  0.004834  0.002318         0
   397/599        0G   0.01148  0.006047         0   0.01753         5       640         1         1    0.9966    0.9524  0.005145  0.002255         0
   398/599        0G  0.009599  0.005376         0   0.01498         3       640         1         1    0.9967    0.9235  0.005673  0.002391         0
   399/599        0G   0.01062  0.005928         0   0.01654         3       640         1         1    0.9967    0.9235  0.005673  0.002391         0
   400/599        0G   0.01189  0.005632         0   0.01753         3       640         1         1    0.9967    0.8432  0.008185  0.002722         0
   401/599        0G    0.0143  0.006841         0   0.02114         4       640         1         1    0.9967    0.7978  0.009393  0.002927         0
   402/599        0G   0.01404  0.006989         0   0.02103         5       640         1         1    0.9967    0.7821   0.00924  0.002929         0
   403/599        0G    0.0105  0.005611         0   0.01611         4       640         1         1    0.9967    0.8295  0.007646  0.002747         0
   404/599        0G   0.00964  0.006077         0   0.01572         8       640         1         1    0.9967    0.8914  0.005175  0.002483         0
   405/599        0G  0.009508  0.006879         0   0.01639         5       640         1         1    0.9967    0.9407  0.004405  0.002388         0
   406/599        0G  0.008622  0.004732         0   0.01335         3       640         1         1    0.9968    0.9636  0.004025  0.002342         0
   407/599        0G  0.007396  0.005179         0   0.01257         4       640         1         1    0.9967    0.9707  0.003705   0.00235         0
   408/599        0G  0.007949  0.004292         0   0.01224         2       640         1         1    0.9967    0.9727  0.003698  0.002325         0
   409/599        0G   0.01054  0.005554         0   0.01609         8       640         1         1    0.9967    0.9705  0.003487  0.002381         0
   410/599        0G  0.009791  0.005555         0   0.01535         3       640         1         1    0.9967    0.9783  0.003382  0.002298         0
   411/599        0G   0.00759  0.004919         0   0.01251         2       640         1         1    0.9968    0.9809  0.003357  0.002263         0
   412/599        0G   0.00696  0.005061         0   0.01202         5       640         1         1    0.9969    0.9682  0.004914  0.002333         0
   413/599        0G  0.009312  0.005444         0   0.01476         4       640         1         1    0.9968    0.9582    0.0042  0.002391         0
   414/599        0G  0.009676  0.005442         0   0.01512         3       640         1         1    0.9969    0.9691  0.004595  0.002381         0
   415/599        0G  0.009737  0.006074         0   0.01581         3       640         1         1    0.9969    0.9691  0.004595  0.002381         0
   416/599        0G   0.01101  0.005626         0   0.01664         6       640         1         1    0.9969    0.9315  0.006249  0.002537         0
   417/599        0G   0.01214  0.005999         0   0.01814         4       640         1         1    0.9968    0.9176  0.006532  0.002575         0
   418/599        0G   0.01045  0.005501         0   0.01596         3       640         1         1    0.9968    0.9269  0.005876  0.002484         0
   419/599        0G   0.01078  0.005853         0   0.01664         2       640         1         1    0.9968    0.9396  0.004396   0.00229         0
   420/599        0G  0.009868    0.0051         0   0.01497         3       640         1         1    0.9968    0.9415  0.004175  0.002211         0
   421/599        0G  0.008049  0.005155         0    0.0132         3       640         1         1    0.9968    0.9433   0.00432  0.002245         0
   422/599        0G   0.01024  0.006004         0   0.01624         4       640         1         1    0.9968    0.9431  0.003696  0.002216         0
   423/599        0G  0.007796   0.00505         0   0.01285         5       640         1         1    0.9968    0.9501  0.003619  0.002169         0
   424/599        0G   0.00881  0.005082         0   0.01389         3       640         1         1    0.9968    0.9516  0.003733  0.002276         0
   425/599        0G  0.007529  0.004403         0   0.01193         5       640         1         1    0.9968    0.9699  0.003774  0.002317         0
   426/599        0G  0.008852  0.005043         0   0.01389         4       640         1         1    0.9969    0.9695  0.003904  0.002185         0
   427/599        0G  0.006926  0.004923         0   0.01185         3       640         1         1    0.9969    0.9683  0.003761  0.002131         0
   428/599        0G   0.01172  0.005949         0   0.01767         5       640         1         1    0.9969    0.9817  0.003935  0.002108         0
   429/599        0G  0.009424  0.006155         0   0.01558         3       640         1         1    0.9969    0.9467  0.003938   0.00215         0
   430/599        0G  0.008541   0.00572         0   0.01426         8       640         1         1    0.9971    0.9672  0.004891   0.00221         0
   431/599        0G   0.01065  0.005217         0   0.01587         3       640         1         1    0.9971    0.9672  0.004891   0.00221         0
   432/599        0G   0.01145  0.004958         0   0.01641         4       640         1         1    0.9971    0.9273  0.007208   0.00248         0
   433/599        0G   0.01521  0.006971         0   0.02218         6       640         1         1     0.997    0.9088   0.00815  0.002605         0
   434/599        0G   0.01235  0.005129         0   0.01748         4       640         1         1     0.997    0.9158   0.00771  0.002632         0
   435/599        0G   0.01313  0.006408         0   0.01954         6       640         1         1     0.997    0.9326  0.006419  0.002522         0
   436/599        0G   0.01215  0.006631         0   0.01878         4       640         1         1    0.9972    0.9531  0.005004  0.002359         0
   437/599        0G  0.008709  0.005523         0   0.01423         6       640         1         1    0.9971    0.9324  0.004732  0.002326         0
   438/599        0G   0.01053  0.004653         0   0.01518         6       640         1         1    0.9972    0.9229  0.004862  0.002307         0
   439/599        0G  0.007788  0.004805         0   0.01259         3       640         1         1    0.9972    0.9277   0.00391  0.002245         0
   440/599        0G  0.008843  0.005442         0   0.01429         6       640         1         1    0.9972    0.9475  0.003446  0.002219         0
   441/599        0G      0.01  0.005122         0   0.01512         8       640         1         1     0.997     0.957   0.00362  0.002175         0
   442/599        0G  0.008296  0.005279         0   0.01358         8       640         1         1     0.997    0.9872  0.003385  0.002095         0
   443/599        0G  0.008754  0.005218         0   0.01397         5       640         1         1    0.9971    0.9675  0.004121  0.002107         0
   444/599        0G   0.01039  0.004941         0   0.01533         5       640         1         1     0.997    0.9796  0.004225  0.002086         0
   445/599        0G  0.009257  0.004959         0   0.01422         4       640         1         1     0.997    0.9681  0.003664  0.002024         0
   446/599        0G  0.007998  0.005752         0   0.01375         4       640         1         1     0.997     0.971  0.004825  0.002021         0
   447/599        0G   0.01125  0.005542         0   0.01679         3       640         1         1     0.997     0.971  0.004825  0.002021         0
   448/599        0G   0.01159  0.005113         0    0.0167         5       640         1         1    0.9969    0.9377  0.007224  0.002271         0
   449/599        0G   0.01389  0.005614         0   0.01951         3       640         1         1    0.9967    0.9222  0.008086  0.002392         0
   450/599        0G   0.01353  0.005841         0   0.01937         4       640         1         1    0.9968    0.9342  0.007752  0.002388         0
   451/599        0G   0.01267  0.006242         0   0.01892         5       640         1         1     0.997    0.9509   0.00614  0.002268         0
   452/599        0G    0.0109  0.006716         0   0.01762         5       640         1         1    0.9969    0.9474   0.00445  0.002074         0
   453/599        0G  0.008068  0.004334         0    0.0124         6       640         1         1    0.9969    0.9364  0.004396   0.00206         0
   454/599        0G  0.009233  0.005166         0    0.0144         3       640         1         1    0.9968    0.9566  0.004325  0.002044         0
   455/599        0G  0.009942  0.005548         0   0.01549         8       640         1         1    0.9969    0.9757  0.003457  0.001945         0
   456/599        0G  0.007287  0.004629         0   0.01192         4       640         1         1    0.9969    0.9779  0.003455  0.001976         0
   457/599        0G  0.008479  0.004629         0   0.01311         3       640         1         1    0.9969    0.9816  0.003269   0.00196         0
   458/599        0G   0.00705  0.004759         0   0.01181         3       640         1         1    0.9969    0.9778  0.003505  0.002081         0
   459/599        0G  0.009394  0.004839         0   0.01423         6       640         1         1    0.9968    0.9894  0.003667  0.002173         0
   460/599        0G  0.008396  0.005293         0   0.01369         7       640         1         1    0.9968    0.9846  0.003836  0.002155         0
   461/599        0G  0.008842  0.005496         0   0.01434         6       640         1         1    0.9969    0.9682     0.004   0.00218         0
   462/599        0G   0.01112  0.005652         0   0.01677         4       640         1         1     0.997    0.9615   0.00434   0.00222         0
   463/599        0G  0.009989  0.005183         0   0.01517         3       640         1         1     0.997    0.9615   0.00434   0.00222         0
   464/599        0G   0.01089  0.005406         0    0.0163         5       640         1         1     0.997     0.925   0.00706  0.002479         0
   465/599        0G   0.01155  0.005338         0   0.01688         5       640         1         1     0.997    0.9108  0.008504  0.002583         0
   466/599        0G   0.01282  0.005558         0   0.01838         3       640         1         1    0.9971    0.9132  0.008269   0.00255         0
   467/599        0G   0.01027  0.004773         0   0.01504         4       640         1         1    0.9972    0.9321  0.006953  0.002418         0
   468/599        0G  0.009948  0.006449         0    0.0164         6       640         1         1    0.9971    0.9576  0.005126  0.002289         0
   469/599        0G   0.00924  0.005999         0   0.01524         5       640         1         1    0.9973    0.9599   0.00425  0.002353         0
   470/599        0G  0.008456  0.005829         0   0.01428         3       640         1         1    0.9973    0.9738  0.003752  0.002292         0
   471/599        0G  0.007338  0.005954         0   0.01329         4       640         1         1    0.9973    0.9803  0.003502  0.002256         0
   472/599        0G  0.009403  0.006474         0   0.01588         5       640         1         1    0.9973    0.9809  0.003381  0.002229         0
   473/599        0G  0.008842  0.005494         0   0.01434         3       640         1         1    0.9974    0.9878  0.003243  0.002193         0
   474/599        0G  0.009756  0.005626         0   0.01538         6       640         1         1    0.9973    0.9786  0.003174  0.002135         0
   475/599        0G  0.007927  0.004373         0    0.0123         4       640         1         1    0.9972    0.9813  0.003284  0.002107         0
   476/599        0G   0.01117  0.005763         0   0.01693         5       640         1         1     0.997    0.9785  0.003159  0.002117         0
   477/599        0G  0.007923  0.004912         0   0.01283         1       640         1         1     0.997    0.9707  0.004246  0.002186         0
   478/599        0G   0.01114  0.006833         0   0.01797         5       640         1         1    0.9971    0.9792  0.003125  0.002084         0
   479/599        0G    0.0109  0.005804         0   0.01671         6       640         1         1    0.9971    0.9792  0.003125  0.002084         0
   480/599        0G   0.01376  0.006444         0    0.0202         3       640         1         1    0.9971    0.9566  0.004852  0.002272         0
   481/599        0G   0.01134  0.005404         0   0.01674         3       640         1         1    0.9971    0.9212  0.005894  0.002364         0
   482/599        0G   0.01418  0.006191         0   0.02037         4       640         1         1    0.9971    0.9376  0.005496  0.002337         0
   483/599        0G   0.01007  0.005433         0    0.0155         3       640         1         1    0.9972    0.9614  0.004123  0.002234         0
   484/599        0G  0.008705  0.005134         0   0.01384         5       640         1         1    0.9972     0.973  0.003499   0.00218         0
   485/599        0G   0.01005  0.004516         0   0.01457         3       640         1         1    0.9972    0.9727  0.003269  0.002167         0
   486/599        0G  0.008691  0.004858         0   0.01355         3       640         1         1    0.9972    0.9804  0.002999  0.002107         0
   487/599        0G  0.006988  0.005345         0   0.01233         6       640         1         1    0.9972    0.9815   0.00315  0.002114         0
   488/599        0G   0.00863  0.004927         0   0.01356         3       640         1         1    0.9972    0.9757  0.003387  0.002092         0
   489/599        0G  0.008177  0.004884         0   0.01306         5       640         1         1    0.9973    0.9916  0.003029  0.002048         0
   490/599        0G  0.006767  0.004552         0   0.01132         2       640         1         1    0.9973    0.9785  0.003095  0.002019         0
   491/599        0G   0.00774   0.00484         0   0.01258         4       640         1         1    0.9973     0.971  0.003527  0.002051         0
   492/599        0G  0.009269  0.005473         0   0.01474         5       640         1         1    0.9974    0.9732  0.003527  0.001995         0
   493/599        0G   0.01121  0.005888         0    0.0171         5       640         1         1    0.9974    0.9673  0.003514  0.002018         0
   494/599        0G  0.008295  0.005436         0   0.01373         6       640         1         1    0.9975    0.9851  0.003774   0.00196         0
   495/599        0G  0.008514  0.005495         0   0.01401         7       640         1         1    0.9975    0.9851  0.003774   0.00196         0
   496/599        0G   0.01195    0.0061         0   0.01805         6       640         1         1    0.9975    0.9588  0.005399  0.002079         0
   497/599        0G   0.01105  0.005542         0   0.01659         3       640         1         1    0.9974    0.9534  0.006171  0.002136         0
   498/599        0G   0.01145  0.006709         0   0.01816         7       640         1         1    0.9975    0.9562  0.006132  0.002101         0
   499/599        0G  0.008306  0.005326         0   0.01363         4       640         1         1    0.9974    0.9701  0.004567   0.00196         0
   500/599        0G  0.009304  0.004844         0   0.01415         3       640         1         1    0.9975    0.9831  0.003007  0.001842         0
   501/599        0G  0.008695  0.004889         0   0.01358         5       640         1         1    0.9974    0.9653  0.003253  0.001911         0
   502/599        0G   0.01032  0.005313         0   0.01563         5       640         1         1    0.9975    0.9796  0.003001  0.001886         0
   503/599        0G   0.01031  0.004418         0   0.01473         4       640         1         1    0.9974    0.9952  0.002732  0.001848         0
   504/599        0G  0.007185  0.004621         0   0.01181         3       640         1         1    0.9974    0.9785   0.00285  0.001875         0
   505/599        0G  0.007761  0.004175         0   0.01194         5       640         1         1    0.9974    0.9851  0.003103  0.001889         0
   506/599        0G  0.008615  0.005183         0    0.0138         5       640         1         1    0.9975    0.9894  0.002857  0.001855         0
   507/599        0G  0.006307   0.00458         0   0.01089         5       640         1         1    0.9975    0.9929  0.002707  0.001837         0
   508/599        0G  0.007875  0.004458         0   0.01233         5       640         1         1    0.9974    0.9845  0.002969  0.001916         0
   509/599        0G  0.008892  0.005133         0   0.01403         2       640         1         1    0.9974    0.9873  0.003081  0.001947         0
   510/599        0G  0.006816  0.003454         0   0.01027         2       640         1         1    0.9975    0.9673   0.00414  0.002015         0
   511/599        0G  0.008542  0.006381         0   0.01492         8       640         1         1    0.9975    0.9673   0.00414  0.002015         0
   512/599        0G   0.01176  0.006887         0   0.01864         6       640         1         1    0.9974    0.9372  0.006375  0.002238         0
   513/599        0G   0.01129  0.004976         0   0.01626         3       640         1         1    0.9973    0.9272  0.007548  0.002379         0
   514/599        0G    0.0106  0.004921         0   0.01552         2       640         1         1    0.9973    0.9273  0.007719  0.002408         0
   515/599        0G  0.008784  0.005441         0   0.01423         7       640         1         1    0.9973    0.9494   0.00628  0.002256         0
   516/599        0G  0.008594  0.004609         0    0.0132         5       640         1         1    0.9974    0.9662  0.004624  0.002059         0
   517/599        0G   0.01041  0.005289         0    0.0157         8       640         1         1    0.9974    0.9748  0.003575  0.001933         0
   518/599        0G  0.007486   0.00495         0   0.01244         4       640         1         1    0.9974    0.9814  0.003128  0.001905         0
   519/599        0G  0.009191  0.005474         0   0.01467         4       640         1         1    0.9973    0.9789  0.003013  0.001918         0
   520/599        0G  0.007314  0.004918         0   0.01223         6       640         1         1    0.9973    0.9805  0.002961   0.00193         0
   521/599        0G  0.009027  0.005629         0   0.01466         7       640         1         1    0.9975    0.9855  0.002837  0.001898         0
   522/599        0G  0.007721  0.004399         0   0.01212         6       640         1         1    0.9974    0.9804  0.002929  0.001946         0
   523/599        0G  0.008236  0.005446         0   0.01368         5       640         1         1    0.9974    0.9855   0.00283  0.001948         0
   524/599        0G  0.005282  0.004242         0  0.009524         6       640         1         1    0.9974    0.9856  0.002827  0.001988         0
   525/599        0G   0.01114  0.004789         0   0.01593         4       640         1         1    0.9974    0.9891   0.00319  0.002019         0
   526/599        0G  0.008222  0.005179         0    0.0134         3       640         1         1    0.9975    0.9786  0.002767  0.001938         0
   527/599        0G  0.007818  0.004137         0   0.01195         3       640         1         1    0.9975    0.9786  0.002767  0.001938         0
   528/599        0G  0.009964  0.005037         0     0.015         3       640         1         1    0.9974    0.9786  0.003471  0.002017         0
   529/599        0G  0.008477  0.004653         0   0.01313         3       640         1         1    0.9974    0.9818  0.003858  0.002067         0
   530/599        0G  0.007162  0.004344         0   0.01151         3       640         1         1    0.9973    0.9849  0.003667  0.002025         0
   531/599        0G  0.007152  0.004336         0   0.01149         5       640         1         1    0.9972    0.9877  0.003379  0.001982         0
   532/599        0G  0.007082    0.0041         0   0.01118         4       640         1         1    0.9972    0.9816  0.003189  0.001948         0
   533/599        0G  0.006809  0.004208         0   0.01102         3       640         1         1    0.9972    0.9784  0.003252  0.001923         0
   534/599        0G  0.008303  0.005911         0   0.01421         5       640         1         1    0.9973    0.9817  0.003237  0.001921         0
   535/599        0G  0.007928   0.00434         0   0.01227         6       640         1         1    0.9974    0.9855  0.002883  0.001884         0
   536/599        0G  0.007439  0.004383         0   0.01182         6       640         1         1    0.9974    0.9885  0.002913  0.001901         0
   537/599        0G  0.006701  0.004072         0   0.01077         2       640         1         1    0.9975    0.9851  0.002874   0.00192         0
   538/599        0G  0.006746  0.004713         0   0.01146         8       640         1         1    0.9975      0.98  0.002936  0.001914         0
   539/599        0G  0.007314  0.005374         0   0.01269         4       640         1         1    0.9975    0.9798  0.002825  0.001874         0
   540/599        0G  0.007875  0.004918         0   0.01279         6       640         1         1    0.9975    0.9829  0.003206  0.001858         0
   541/599        0G  0.008229  0.005291         0   0.01352         5       640         1         1    0.9975    0.9884   0.00296  0.001879         0
   542/599        0G   0.00917  0.004837         0   0.01401         8       640         1         1    0.9974    0.9757  0.003585  0.001864         0
   543/599        0G  0.009269  0.005698         0   0.01497         6       640         1         1    0.9974    0.9757  0.003585  0.001864         0
   544/599        0G  0.008727  0.004788         0   0.01352         3       640         1         1    0.9975     0.951  0.005278  0.001989         0
   545/599        0G   0.01003  0.004409         0   0.01444         4       640         1         1    0.9975    0.9426  0.006162  0.002035         0
   546/599        0G  0.007359  0.004415         0   0.01177         4       640         1         1    0.9976    0.9393  0.006025  0.001965         0
   547/599        0G  0.008098  0.004934         0   0.01303         3       640         1         1    0.9977    0.9626  0.005115  0.001816         0
   548/599        0G   0.00641  0.004302         0   0.01071         6       640         1         1    0.9976    0.9832  0.003456   0.00168         0
   549/599        0G  0.007171   0.00444         0   0.01161         5       640         1         1    0.9975    0.9871  0.002939  0.001649         0
   550/599        0G  0.006812  0.004728         0   0.01154         4       640         1         1    0.9975    0.9924  0.002856  0.001653         0
   551/599        0G  0.008598  0.004553         0   0.01315         6       640         1         1    0.9975    0.9861  0.002904  0.001658         0
   552/599        0G  0.007302  0.005381         0   0.01268         3       640         1         1    0.9976    0.9897  0.002824  0.001679         0
   553/599        0G  0.007511  0.004434         0   0.01194         3       640         1         1    0.9975    0.9882  0.002539  0.001652         0
   554/599        0G  0.005871  0.004326         0    0.0102         5       640         1         1    0.9975    0.9887  0.002616  0.001699         0
   555/599        0G  0.008202  0.005408         0   0.01361         5       640         1         1    0.9974    0.9925   0.00252  0.001748         0
   556/599        0G  0.006963  0.004576         0   0.01154         5       640         1         1    0.9975    0.9818  0.003457  0.001835         0
   557/599        0G  0.007268  0.004284         0   0.01155         4       640         1         1    0.9976    0.9955  0.002674  0.001837         0
   558/599        0G   0.00923  0.004732         0   0.01396         3       640         1         1    0.9975    0.9874  0.003217  0.001951         0
   559/599        0G  0.008825  0.005889         0   0.01471         6       640         1         1    0.9975    0.9874  0.003217  0.001951         0
   560/599        0G   0.01187  0.005026         0    0.0169         5       640         1         1    0.9976    0.9644  0.004663   0.00217         0
   561/599        0G    0.0111  0.005335         0   0.01644         3       640         1         1    0.9975    0.9552  0.005342  0.002302         0
   562/599        0G  0.007999  0.005514         0   0.01351         5       640         1         1    0.9975    0.9598  0.004968  0.002308         0
   563/599        0G  0.008072  0.004716         0   0.01279         5       640         1         1    0.9975    0.9832  0.003773  0.002224         0
   564/599        0G  0.008583  0.005204         0   0.01379         5       640         1         1    0.9974    0.9885   0.00308  0.002162         0
   565/599        0G  0.006452  0.005007         0   0.01146         3       640         1         1    0.9974    0.9859  0.003162  0.002177         0
   566/599        0G  0.008565  0.004291         0   0.01286         3       640         1         1    0.9974    0.9889  0.002876  0.002129         0
   567/599        0G  0.006901   0.00411         0   0.01101         3       640         1         1    0.9974    0.9883  0.002711  0.002108         0
   568/599        0G  0.005737  0.003911         0  0.009648         5       640         1         1    0.9975    0.9841  0.002694    0.0021         0
   569/599        0G  0.007515  0.005073         0   0.01259         4       640         1         1    0.9975    0.9893  0.002696  0.002096         0
   570/599        0G  0.007538   0.00431         0   0.01185         5       640         1         1    0.9976    0.9915  0.002588  0.002038         0
   571/599        0G  0.006429  0.004752         0   0.01118         6       640         1         1    0.9975     0.975  0.003044  0.002083         0
   572/599        0G  0.008383  0.004487         0   0.01287         2       640         1         1    0.9975    0.9893  0.002873  0.002095         0
   573/599        0G  0.008555   0.00447         0   0.01302         3       640         1         1    0.9975    0.9853  0.002773  0.002039         0
   574/599        0G  0.007362  0.005375         0   0.01274         6       640         1         1    0.9974    0.9974  0.002864  0.001996         0
   575/599        0G   0.01138  0.004859         0   0.01624         4       640         1         1    0.9974    0.9974  0.002864  0.001996         0
   576/599        0G  0.008164  0.004494         0   0.01266         2       640         1         1    0.9975    0.9933  0.003642  0.002113         0
   577/599        0G   0.00825  0.005465         0   0.01371         5       640         1         1    0.9974    0.9933  0.004059  0.002149         0
   578/599        0G  0.008309  0.004639         0   0.01295         3       640         1         1    0.9975    0.9957  0.003751   0.00213         0
   579/599        0G  0.007216  0.004509         0   0.01173         8       640         1         1    0.9975    0.9881  0.003185   0.00201         0
   580/599        0G  0.008389  0.004607         0     0.013         2       640         1         1    0.9975    0.9871  0.002781  0.001846         0
   581/599        0G    0.0052  0.004131         0   0.00933         8       640         1         1    0.9975    0.9888  0.002755  0.001762         0
   582/599        0G  0.009755  0.004463         0   0.01422         2       640         1         1    0.9974    0.9911  0.002749  0.001688         0
   583/599        0G  0.007078  0.004549         0   0.01163         6       640         1         1    0.9973    0.9877  0.002787  0.001685         0
   584/599        0G  0.008302  0.004974         0   0.01328         5       640         1         1    0.9973    0.9818  0.002769  0.001693         0
   585/599        0G  0.006468   0.00475         0   0.01122         3       640         1         1    0.9973     0.984  0.002874  0.001694         0
   586/599        0G  0.007304  0.005058         0   0.01236         5       640         1         1    0.9973    0.9841  0.002672  0.001686         0
   587/599        0G  0.007066  0.004953         0   0.01202         3       640         1         1    0.9974    0.9871  0.002967   0.00177         0
   588/599        0G  0.007089  0.004417         0   0.01151         2       640         1         1    0.9973    0.9808  0.002717  0.001804         0
   589/599        0G  0.005978  0.004849         0   0.01083         5       640         1         1    0.9973    0.9917  0.003001  0.001808         0
   590/599        0G  0.006738  0.004935         0   0.01167         5       640         1         1    0.9973    0.9901  0.002799  0.001833         0
   591/599        0G  0.007637   0.00442         0   0.01206         6       640         1         1    0.9973    0.9901  0.002799  0.001833         0
   592/599        0G   0.00704  0.004394         0   0.01143         6       640         1         1    0.9974     0.983  0.003913  0.001974         0
   593/599        0G  0.007601  0.004445         0   0.01205         5       640         1         1    0.9974    0.9817  0.004605  0.002055         0
   594/599        0G  0.007681  0.004445         0   0.01213         3       640         1         1    0.9975    0.9884  0.004448  0.002046         0
   595/599        0G  0.007975   0.00461         0   0.01259         5       640         1         1    0.9973    0.9919  0.003752  0.001996         0
   596/599        0G  0.008298    0.0046         0    0.0129         4       640         1         1    0.9974      0.99  0.003217  0.001996         0
   597/599        0G  0.006812  0.004511         0   0.01132         5       640         1         1    0.9974    0.9898  0.002989  0.002016         0
   598/599        0G  0.006171   0.00387         0   0.01004         3       640         1         1    0.9973    0.9897  0.003022  0.002005         0
   599/599        0G  0.006231  0.004385         0   0.01062         2       640         1         1    0.9973    0.9913  0.002707  0.001967         0
