     0/599        0G   0.09948   0.02876         0    0.1282         4       640  0.004375   0.01695 0.0004295 5.123e-05   0.08552   0.02045         0
     1/599        0G   0.09302   0.02905         0    0.1221         5       640  0.004725   0.01695 0.0005749 7.129e-05   0.08106   0.01991         0
     2/599        0G   0.08594    0.0275         0    0.1134         6       640  0.002869    0.2881  0.001353   0.00016   0.07485   0.01992         0
     3/599        0G   0.08187   0.02796         0    0.1098         3       640  0.004927    0.2881  0.003425 0.0004572   0.06498   0.02021         0
     4/599        0G   0.08306   0.02664         0    0.1097         6       640  0.006533    0.3898  0.005092 0.0007311   0.05183   0.02047         0
     5/599        0G   0.06683    0.0278         0   0.09463         6       640   0.01656   0.09476  0.009272  0.001202   0.04772   0.02012         0
     6/599        0G   0.06597   0.02634         0   0.09231         2       640   0.02584    0.1186   0.01481  0.002075   0.04425   0.01999         0
     7/599        0G   0.06406   0.02688         0   0.09094         4       640   0.02019    0.3898    0.0157  0.002596   0.04312   0.01955         0
     8/599        0G    0.0599   0.02864         0   0.08854         5       640   0.05462   0.08475   0.02493  0.004592   0.04147   0.01919         0
     9/599        0G   0.06177   0.02515         0   0.08692         3       640   0.04337     0.339   0.03226  0.006019   0.03977   0.01868         0
    10/599        0G   0.05389   0.02676         0   0.08065         5       640   0.08924    0.1864   0.05143   0.01058   0.03804   0.01825         0
    11/599        0G   0.05844    0.0322         0   0.09064         7       640    0.1374    0.3729    0.1045   0.02312   0.03698   0.01798         0
    12/599        0G   0.05979   0.03087         0   0.09066         4       640    0.2491    0.3051    0.1857   0.05101   0.03583   0.01771         0
    13/599        0G    0.0524   0.03034         0   0.08274         6       640    0.2819    0.3559    0.2559   0.07025   0.03443   0.01734         0
    14/599        0G   0.05435   0.02845         0    0.0828         3       640    0.3743    0.3051    0.2478   0.06295   0.03268   0.01704         0
    15/599        0G   0.04752   0.02491         0   0.07242         4       640    0.3027    0.3559    0.2709   0.05347    0.0328   0.01671         0
    16/599        0G   0.05194     0.029         0   0.08093         4       640    0.4972     0.285    0.3095   0.06502   0.03286   0.01649         0
    17/599        0G   0.05461   0.03167         0   0.08629         6       640    0.5825     0.322    0.3443   0.07059    0.0315   0.01647         0
    18/599        0G   0.04969   0.02868         0   0.07837         4       640    0.5505     0.339    0.3623   0.08798   0.03044   0.01628         0
    19/599        0G   0.04971   0.02679         0    0.0765         2       640    0.4316    0.4068    0.3591   0.08085   0.02951   0.01621         0
    20/599        0G   0.05176   0.02622         0   0.07798         2       640    0.5537     0.322    0.3937    0.1173   0.02937    0.0159         0
    21/599        0G   0.04754   0.02474         0   0.07228         5       640    0.5426    0.4022    0.4306     0.118    0.0305   0.01563         0
    22/599        0G    0.0428    0.0293         0   0.07209         4       640    0.3841    0.5424    0.4379    0.1134   0.02888   0.01533         0
    23/599        0G   0.04489   0.02654         0   0.07143         6       640    0.4471    0.5763    0.4454    0.1025    0.0282    0.0152         0
    24/599        0G   0.04908   0.02511         0   0.07419         6       640    0.4834    0.4746    0.4059    0.1015   0.03061   0.01452         0
    25/599        0G    0.0417   0.02279         0    0.0645         3       640      0.46    0.4068    0.2856   0.06847   0.03139   0.01412         0
    26/599        0G   0.04546   0.02726         0   0.07272         5       640    0.5494    0.5254    0.4052   0.09377   0.02773   0.01452         0
    27/599        0G   0.04785   0.02441         0   0.07225         6       640    0.2724    0.5763    0.2291   0.05037   0.03249   0.01348         0
    28/599        0G   0.04882   0.02437         0    0.0732         3       640    0.3853    0.4576    0.3345   0.06561    0.0292   0.01387         0
    29/599        0G   0.04507   0.02508         0   0.07014         3       640    0.5268     0.434    0.4045   0.08759   0.02892   0.01373         0
    30/599        0G   0.04899   0.02459         0   0.07359         6       640    0.5074    0.4915    0.3854     0.108   0.02754   0.01372         0
    31/599        0G   0.04499   0.02694         0   0.07193         5       640    0.3881    0.4731     0.317   0.08367   0.02832   0.01343         0
    32/599        0G     0.051   0.02613         0   0.07713         5       640    0.6029    0.5148    0.4145    0.1092   0.02745   0.01339         0
    33/599        0G   0.04282   0.02368         0    0.0665         5       640    0.4113    0.5085    0.3346   0.08996   0.03073   0.01282         0
    34/599        0G   0.04751   0.02718         0   0.07469         3       640    0.5132    0.6102    0.4709    0.1181   0.02832   0.01279         0
    35/599        0G    0.0471   0.02355         0   0.07065         5       640    0.5396    0.5763    0.4481    0.1275   0.02722    0.0131         0
    36/599        0G   0.05019   0.02711         0    0.0773         3       640    0.5963    0.5009    0.4348   0.09759   0.02711   0.01286         0
    37/599        0G   0.04613   0.02662         0   0.07275         8       640    0.6887     0.525    0.5024    0.1339    0.0276   0.01265         0
    38/599        0G   0.04587   0.02533         0    0.0712         4       640    0.5158    0.5424    0.3964   0.07742   0.03178   0.01204         0
    39/599        0G   0.04392   0.02069         0   0.06461         2       640    0.6464    0.5932    0.5152    0.1365   0.02749   0.01236         0
    40/599        0G   0.05472   0.02428         0   0.07899         6       640    0.3272    0.4407      0.25   0.04159   0.03298    0.0113         0
    41/599        0G   0.04819   0.02724         0   0.07543         8       640    0.5032    0.5254    0.4175    0.1161    0.0289    0.0119         0
    42/599        0G   0.04416   0.02412         0   0.06828         2       640    0.6734    0.4894    0.4581    0.1276   0.02684   0.01206         0
    43/599        0G   0.04138   0.02455         0   0.06593         5       640    0.5391    0.5932    0.4913    0.1603    0.0255   0.01216         0
    44/599        0G   0.04606   0.02394         0      0.07         8       640    0.5812    0.5881    0.4789    0.1331   0.02969   0.01158         0
    45/599        0G   0.04686   0.02314         0      0.07         3       640    0.5184     0.661    0.4899    0.1746    0.0248   0.01204         0
    46/599        0G   0.04573    0.0294         0   0.07513         8       640    0.6188    0.6053    0.5347     0.205   0.02398   0.01209         0
    47/599        0G   0.03997    0.0251         0   0.06508         5       640    0.5927    0.5921    0.5235    0.1796   0.02592    0.0118         0
    48/599        0G   0.04206   0.02294         0     0.065         5       640    0.5477    0.4915    0.4441   0.09706   0.03696   0.01109         0
    49/599        0G   0.04811     0.022         0   0.07011         9       640    0.1418    0.5826    0.1615   0.03433   0.04036  0.009773         0
    50/599        0G   0.04632    0.0228         0   0.06912         5       640    0.6133    0.5915    0.5429    0.1519   0.03148   0.01125         0
    51/599        0G   0.04197   0.02172         0   0.06368         7       640    0.4978    0.5545    0.5011    0.1524   0.02775   0.01166         0
    52/599        0G    0.0438   0.02686         0   0.07066         4       640    0.4106    0.6441    0.4138    0.1117   0.02652   0.01151         0
    53/599        0G   0.04085   0.02287         0   0.06372         4       640    0.4405    0.6138     0.411    0.1159    0.0299   0.01079         0
    54/599        0G   0.03831   0.02484         0   0.06315         3       640    0.4459    0.5763      0.45    0.1358   0.02496   0.01139         0
    55/599        0G   0.03685   0.02421         0   0.06106         5       640    0.5926    0.5763    0.5238    0.1725   0.02592   0.01131         0
    56/599        0G      0.04   0.02578         0   0.06578         6       640    0.2785    0.6609    0.2528   0.05097    0.0287   0.01056         0
    57/599        0G   0.03973   0.01947         0    0.0592         2       640    0.3422    0.4915    0.2745   0.04815   0.03129   0.01016         0
    58/599        0G   0.04409   0.02121         0    0.0653         3       640    0.3933    0.5085    0.3485   0.07055   0.02545   0.01117         0
    59/599        0G   0.03863   0.02136         0   0.05999         3       640    0.3785    0.6271    0.3335   0.07618   0.02712   0.01101         0
    60/599        0G   0.03939   0.02175         0   0.06114         6       640    0.3785    0.6271    0.3335   0.07618   0.02712   0.01101         0
    61/599        0G   0.04203    0.0213         0   0.06333         3       640    0.2657     0.661    0.2711    0.0567   0.02946    0.0107         0
    62/599        0G   0.04277   0.02167         0   0.06444         6       640    0.2297    0.6949    0.2571   0.04923   0.03076   0.01056         0
    63/599        0G   0.03917   0.02309         0   0.06226         4       640    0.2158    0.7627    0.2391   0.04696   0.03121   0.01053         0
    64/599        0G   0.04398   0.02291         0   0.06689         8       640    0.2326    0.5932    0.2551   0.05622   0.03156    0.0105         0
    65/599        0G    0.0435   0.02284         0   0.06634         6       640    0.3077    0.6441    0.3271   0.07528   0.02889   0.01076         0
    66/599        0G   0.03868    0.0213         0   0.05998         4       640    0.3911    0.7186    0.4246    0.1062   0.02681     0.011         0
    67/599        0G   0.04194   0.02383         0   0.06577         8       640    0.4891    0.7797    0.5429    0.1348   0.02631   0.01096         0
    68/599        0G   0.04105   0.02412         0   0.06517         3       640    0.4515     0.678    0.5275    0.1217   0.02532   0.01088         0
    69/599        0G   0.03656    0.0239         0   0.06046         5       640    0.5513    0.5254    0.4711    0.1335   0.02558   0.01083         0
    70/599        0G   0.04089   0.02404         0   0.06494         5       640    0.4293     0.678    0.4595    0.1394   0.02689   0.01057         0
    71/599        0G   0.04019   0.02277         0   0.06296         5       640     0.581    0.5932    0.5486    0.1368   0.02595   0.01025         0
    72/599        0G   0.04187   0.02252         0   0.06439         4       640    0.4188    0.6596    0.4633    0.1247   0.02363   0.01044         0
    73/599        0G   0.03941   0.02101         0   0.06042         2       640    0.4987    0.6441    0.5397    0.1368   0.02506  0.009988         0
    74/599        0G    0.0383   0.02201         0    0.0603         5       640    0.5441    0.5085    0.5045    0.1439   0.02663    0.0106         0
    75/599        0G   0.03608    0.0194         0   0.05548         5       640    0.4668    0.7288    0.5025    0.1145   0.03107   0.01001         0
    76/599        0G   0.03939   0.02094         0   0.06033         3       640    0.6226    0.5591    0.5253    0.1411   0.02492   0.01064         0
    77/599        0G   0.04319   0.02038         0   0.06357         4       640    0.4175    0.6271    0.3954    0.0893   0.02655   0.01011         0
    78/599        0G   0.04487   0.02101         0   0.06587         5       640    0.5348    0.6271    0.5255    0.1634   0.02269   0.01042         0
    79/599        0G   0.04388   0.02286         0   0.06674         5       640    0.5348    0.6271    0.5255    0.1634   0.02269   0.01042         0
    80/599        0G    0.0367   0.02076         0   0.05746         6       640    0.5836    0.5254    0.4966    0.1118   0.02599  0.009939         0
    81/599        0G   0.04623   0.02203         0   0.06826         5       640    0.5226    0.5753    0.4485     0.107   0.02896  0.009735         0
    82/599        0G    0.0416   0.02144         0   0.06304         6       640    0.5642    0.6441    0.4823    0.1462   0.02734   0.01013         0
    83/599        0G   0.04078   0.02008         0   0.06086         2       640    0.5607    0.6271    0.4967    0.1867   0.02478   0.01052         0
    84/599        0G   0.03608    0.0241         0   0.06018         5       640     0.534    0.6102    0.5223    0.1721   0.02443   0.01047         0
    85/599        0G   0.04412   0.02166         0   0.06579         6       640    0.5438    0.6102    0.5311    0.1511    0.0246   0.01023         0
    86/599        0G    0.0375   0.02094         0   0.05844         6       640    0.5591    0.6441    0.5511    0.1733   0.02434   0.01015         0
    87/599        0G   0.03926   0.02232         0   0.06158         6       640    0.4341    0.5763    0.4778    0.1149   0.02475   0.01011         0
    88/599        0G   0.03404   0.02334         0   0.05738         3       640    0.4439    0.5763    0.4376    0.1073   0.02701   0.01008         0
    89/599        0G   0.03677   0.02222         0   0.05899         5       640    0.4008    0.8275    0.4608   0.09759   0.02608  0.009827         0
    90/599        0G   0.04224   0.02398         0   0.06622         6       640       0.5    0.7627    0.5498    0.1592   0.02401  0.009959         0
    91/599        0G   0.03521   0.02274         0   0.05795         2       640     0.535    0.7458    0.5564    0.1352   0.02642  0.009474         0
    92/599        0G   0.03875   0.02202         0   0.06077         4       640    0.5679    0.6949    0.5667    0.1538   0.02718  0.009656         0
    93/599        0G    0.0442    0.0251         0    0.0693         9       640    0.6171    0.6441    0.5813    0.1482   0.02506  0.009325         0
    94/599        0G   0.03902   0.02171         0   0.06073         8       640     0.483    0.8305    0.6516    0.1856    0.0312  0.008946         0
    95/599        0G   0.04043   0.01743         0   0.05785         5       640     0.483    0.8305    0.6516    0.1856    0.0312  0.008946         0
    96/599        0G   0.04213   0.02078         0   0.06291         3       640    0.6114    0.5085    0.5766    0.1194   0.03942  0.008502         0
    97/599        0G   0.04362   0.02065         0   0.06427         4       640    0.4929    0.6441    0.5664    0.1107   0.04107  0.008471         0
    98/599        0G   0.03884   0.02045         0   0.05929         5       640     0.552    0.6441    0.6284    0.1704   0.03487  0.009018         0
    99/599        0G   0.03674   0.02443         0   0.06117         4       640    0.7231    0.5754    0.6906    0.2517   0.02705   0.00962         0
   100/599        0G   0.04286    0.0266         0   0.06946         8       640    0.5705    0.7966    0.7065    0.2662   0.02265  0.009601         0
   101/599        0G   0.04283   0.02232         0   0.06515         6       640    0.6761    0.7784    0.7334    0.2699   0.02137  0.009407         0
   102/599        0G   0.03509   0.02133         0   0.05643         6       640    0.6153    0.8136    0.7229     0.277    0.0212  0.009336         0
   103/599        0G   0.03527   0.02083         0    0.0561         3       640    0.7597    0.6429    0.7717     0.283   0.02137  0.009597         0
   104/599        0G   0.03583    0.0198         0   0.05563         3       640     0.754     0.678    0.7656    0.3231   0.02101  0.009478         0
   105/599        0G   0.03459   0.02042         0   0.05501         6       640    0.5493    0.7966    0.7208    0.2854   0.02352  0.009317         0
   106/599        0G   0.03571   0.02035         0   0.05607         5       640    0.7328    0.7436    0.7943    0.3286   0.02006  0.008887         0
   107/599        0G   0.03439   0.02004         0   0.05443         3       640    0.6872    0.7447    0.7632    0.3171   0.02403  0.008798         0
   108/599        0G   0.03428   0.01875         0   0.05303         4       640    0.7912    0.7797    0.8569    0.2965   0.02162  0.008313         0
   109/599        0G   0.04092    0.0225         0   0.06342         6       640      0.78    0.7288    0.8143    0.2995    0.0241  0.008622         0
   110/599        0G   0.03891    0.0191         0   0.05801         3       640    0.7986    0.8136    0.8624    0.3151   0.02259  0.008018         0
   111/599        0G   0.04744   0.02153         0   0.06897         4       640    0.7986    0.8136    0.8624    0.3151   0.02259  0.008018         0
   112/599        0G   0.04137   0.02058         0   0.06195         2       640    0.8331    0.7614      0.84    0.1959   0.02679  0.007834         0
   113/599        0G   0.04547   0.01869         0   0.06416         2       640    0.6792    0.8644    0.7799    0.1989   0.02781  0.007874         0
   114/599        0G   0.04436   0.01866         0   0.06302         3       640    0.6971    0.8475    0.7832    0.2321   0.02614  0.008162         0
   115/599        0G   0.03859   0.01944         0   0.05803         3       640     0.848    0.7568    0.8563    0.3421   0.02391  0.008537         0
   116/599        0G   0.04005   0.01994         0   0.05999         5       640    0.7309    0.8288    0.8375    0.3422   0.02312  0.008713         0
   117/599        0G    0.0325   0.01724         0   0.04973         2       640    0.7079    0.8644    0.8467    0.3542   0.02256  0.008914         0
   118/599        0G   0.04151   0.02396         0   0.06546         4       640    0.7213    0.7458    0.8156    0.3675    0.0242  0.008961         0
   119/599        0G   0.03663   0.02236         0   0.05899         4       640    0.8541    0.7119    0.8411    0.3821    0.0268  0.008911         0
   120/599        0G   0.03218   0.01886         0   0.05104         5       640    0.7799    0.7966    0.8621    0.4315   0.02233  0.008881         0
   121/599        0G   0.03703   0.02117         0    0.0582         5       640     0.808    0.8644    0.8844    0.4077   0.02133  0.008688         0
   122/599        0G   0.03372    0.0203         0   0.05402         4       640    0.7187    0.9095    0.8644     0.396   0.02139  0.008263         0
   123/599        0G   0.02985   0.02048         0   0.05033         8       640    0.7114    0.8814    0.8304    0.3933   0.02124  0.008005         0
   124/599        0G   0.03141   0.01892         0   0.05033         3       640    0.7439    0.8475    0.8326    0.3753    0.0223  0.007552         0
   125/599        0G   0.03741    0.0222         0   0.05961         7       640    0.7768    0.7119    0.8145    0.2207   0.02646  0.007517         0
   126/599        0G   0.03681   0.01964         0   0.05645         5       640    0.7182    0.8638    0.8225     0.427   0.02119  0.007464         0
   127/599        0G   0.04069   0.01934         0   0.06003         3       640    0.7182    0.8638    0.8225     0.427   0.02119  0.007464         0
   128/599        0G    0.0439   0.01913         0   0.06303         4       640     0.678    0.8644    0.7518    0.2873    0.0254  0.007477         0
   129/599        0G   0.03923   0.01979         0   0.05902         6       640    0.6063    0.9137    0.7238    0.2356   0.02679  0.007631         0
   130/599        0G   0.04229   0.01884         0   0.06113         5       640    0.6658    0.7458    0.7055    0.2506   0.02581  0.007962         0
   131/599        0G   0.04101   0.02336         0   0.06437         8       640    0.6664    0.7786    0.7347    0.2632   0.02387  0.008077         0
   132/599        0G   0.03907   0.01993         0     0.059         4       640    0.6526     0.796    0.7705    0.3028   0.02297  0.008127         0
   133/599        0G   0.03465   0.01916         0   0.05381         6       640    0.6666     0.847    0.8075    0.3098   0.02564  0.008011         0
   134/599        0G   0.03762   0.02255         0   0.06017         8       640    0.8359    0.7772    0.8574    0.3399   0.02564  0.008013         0
   135/599        0G   0.03403   0.02141         0   0.05544         6       640     0.836    0.8637    0.8852    0.3841   0.02183  0.008206         0
   136/599        0G   0.03355   0.02151         0   0.05506         2       640    0.8056    0.8429    0.9117    0.4146   0.02039  0.008434         0
   137/599        0G   0.03365   0.01756         0   0.05121         3       640    0.8208    0.8814    0.9041    0.4508   0.01917   0.00856         0
   138/599        0G   0.02809    0.0179         0   0.04599         4       640    0.8331    0.9322    0.9342    0.4763   0.01817  0.008311         0
   139/599        0G   0.03499   0.01912         0   0.05411         6       640    0.8402    0.9153    0.9362    0.4506   0.02165  0.007791         0
   140/599        0G   0.03127   0.01795         0   0.04922         6       640    0.8455    0.9276    0.9439    0.4666   0.02036  0.007321         0
   141/599        0G   0.03474   0.01873         0   0.05346         2       640    0.8312    0.8475    0.9162    0.4938   0.01962  0.007124         0
   142/599        0G   0.03129    0.0203         0   0.05159         6       640    0.7904    0.8983    0.9072    0.4533   0.01817  0.007081         0
   143/599        0G   0.02992    0.0187         0   0.04861         5       640    0.7904    0.8983    0.9072    0.4533   0.01817  0.007081         0
   144/599        0G   0.03459   0.01683         0   0.05142         4       640    0.8024    0.8983    0.8737    0.3451   0.02114  0.007011         0
   145/599        0G   0.03689     0.019         0   0.05589         6       640    0.7348    0.8983    0.7966    0.2805    0.0218  0.007086         0
   146/599        0G   0.03636   0.02008         0   0.05644         8       640    0.8307     0.915    0.8469    0.3162   0.02022  0.007216         0
   147/599        0G   0.03993   0.01739         0   0.05732         3       640    0.8119    0.8814    0.8596    0.4074   0.01851  0.007375         0
   148/599        0G   0.03351   0.01872         0   0.05223         5       640     0.841    0.8983    0.8976    0.4562    0.0181  0.007299         0
   149/599        0G   0.03132   0.01709         0   0.04841         7       640    0.8435    0.9138    0.9264    0.4627   0.01823  0.007359         0
   150/599        0G   0.02947   0.01844         0   0.04791         6       640    0.8078    0.9322    0.9205    0.4861   0.01739  0.007269         0
   151/599        0G    0.0309   0.01884         0   0.04973         4       640    0.8705    0.9153    0.9375    0.5232   0.01777  0.007039         0
   152/599        0G   0.02993   0.01749         0   0.04742         4       640    0.8688    0.8979    0.9279    0.5509   0.01646  0.006904         0
   153/599        0G   0.03044   0.01719         0   0.04763         5       640    0.7916    0.9658    0.9146    0.5646   0.01626  0.007018         0
   154/599        0G   0.03109   0.01893         0   0.05002         5       640    0.8022    0.9623     0.921     0.592   0.01585  0.006722         0
   155/599        0G   0.02695   0.01845         0    0.0454         5       640    0.8049    0.9831    0.9394    0.5438   0.01706  0.006444         0
   156/599        0G   0.03284   0.01656         0    0.0494         3       640    0.9109    0.8814    0.9527    0.4802   0.02125  0.006269         0
   157/599        0G   0.03589   0.01584         0   0.05174         2       640      0.95    0.9653    0.9688    0.5402   0.01845  0.006058         0
   158/599        0G   0.03322   0.01832         0   0.05154         6       640    0.9188    0.9661    0.9618    0.4583   0.02168  0.005954         0
   159/599        0G   0.03304   0.01886         0    0.0519         7       640    0.9188    0.9661    0.9618    0.4583   0.02168  0.005954         0
   160/599        0G   0.03816   0.01669         0   0.05485         5       640    0.8592    0.9492    0.9415    0.2508   0.02964  0.005743         0
   161/599        0G   0.03587   0.01872         0   0.05459         8       640    0.7711    0.8644    0.8407    0.1905   0.03166  0.005677         0
   162/599        0G   0.03475   0.01632         0   0.05107         8       640    0.7841    0.9322    0.8807    0.2746   0.02584  0.005828         0
   163/599        0G   0.03387   0.01756         0   0.05143         6       640    0.8763    0.9661    0.9488    0.4847    0.0198  0.006082         0
   164/599        0G   0.03245   0.01649         0   0.04893         3       640    0.9179    0.9479    0.9512     0.585   0.01702  0.006288         0
   165/599        0G   0.02752   0.01578         0    0.0433         5       640     0.903    0.9492    0.9591    0.5574   0.01726   0.00622         0
   166/599        0G   0.02844   0.01619         0   0.04462         3       640    0.9213         1     0.979    0.5729   0.01645  0.006281         0
   167/599        0G    0.0303   0.01707         0   0.04737         8       640    0.8939    0.9996    0.9732    0.5747   0.01789  0.006307         0
   168/599        0G   0.02694   0.01838         0   0.04532         6       640    0.9355     0.983    0.9756    0.5979   0.01633  0.006504         0
   169/599        0G   0.02689   0.01673         0   0.04362         7       640    0.9218    0.9996    0.9803     0.633   0.01582  0.006514         0
   170/599        0G   0.02691   0.01666         0   0.04356         5       640    0.9353    0.9809    0.9731    0.5839   0.01815  0.006314         0
   171/599        0G   0.02698   0.01671         0   0.04369         6       640    0.9832    0.9925    0.9857    0.6339   0.01625  0.006159         0
   172/599        0G   0.02778   0.01626         0   0.04405         2       640    0.9364         1    0.9817    0.6176   0.01825  0.006036         0
   173/599        0G   0.02775   0.01757         0   0.04532         4       640    0.9206    0.9828    0.9793    0.6443   0.01595  0.005854         0
   174/599        0G   0.03031   0.01619         0    0.0465         3       640    0.9516    0.9998    0.9825    0.5958    0.0179  0.005641         0
   175/599        0G   0.02764   0.01584         0   0.04348         6       640    0.9516    0.9998    0.9825    0.5958    0.0179  0.005641         0
   176/599        0G   0.03094   0.01543         0   0.04637         8       640    0.9515         1    0.9827    0.5023    0.0218  0.005588         0
   177/599        0G   0.03007   0.01658         0   0.04665         6       640    0.9216         1    0.9681    0.4966   0.02197   0.00558         0
   178/599        0G   0.03153   0.01637         0   0.04791         4       640    0.9219         1     0.963    0.5632   0.01887  0.005625         0
   179/599        0G   0.02733   0.01536         0   0.04269         5       640    0.9508     0.983     0.975    0.5723   0.01701  0.005629         0
   180/599        0G    0.0294   0.01515         0   0.04455         5       640    0.9507         1    0.9801    0.6026   0.01614  0.005633         0
   181/599        0G   0.02806    0.0156         0   0.04366         4       640    0.8923     0.983    0.9683    0.6364   0.01569  0.005736         0
   182/599        0G   0.02855   0.01616         0   0.04471         3       640    0.9479    0.9492    0.9749    0.6286    0.0156  0.005891         0
   183/599        0G   0.02578   0.01631         0   0.04208         5       640      0.95    0.9661     0.979     0.622   0.01729   0.00589         0
   184/599        0G   0.03293   0.01653         0   0.04946         8       640     0.966    0.9661    0.9818    0.6602   0.01492  0.005752         0
   185/599        0G   0.02578   0.01604         0   0.04181         3       640    0.9516         1    0.9798    0.6419   0.01635  0.005631         0
   186/599        0G   0.02933   0.01753         0   0.04685         8       640    0.9655    0.9661    0.9826    0.5355   0.01724   0.00555         0
   187/599        0G   0.02593    0.0157         0   0.04163         3       640    0.9355    0.9827    0.9831    0.6176   0.01725  0.005539         0
   188/599        0G   0.03175   0.01723         0   0.04898         6       640    0.9515         1    0.9851    0.6426   0.01608  0.005465         0
   189/599        0G   0.02485    0.0146         0   0.03945         2       640    0.9365    0.9998    0.9818    0.5924   0.01875   0.00561         0
   190/599        0G   0.02949   0.01608         0   0.04557         5       640    0.9077         1    0.9625    0.5163   0.02026  0.005478         0
   191/599        0G   0.03549     0.017         0    0.0525         2       640    0.9077         1    0.9625    0.5163   0.02026  0.005478         0
   192/599        0G   0.04175   0.01717         0   0.05892         6       640    0.6482    0.9992    0.6948    0.2833   0.02536  0.005497         0
   193/599        0G   0.03392     0.015         0   0.04892         4       640    0.5978    0.9831    0.6755    0.2811   0.02764  0.005531         0
   194/599        0G   0.03897   0.01611         0   0.05509         6       640    0.6039    0.9821    0.6588    0.2658   0.02838  0.005585         0
   195/599        0G   0.03615   0.01656         0   0.05271         6       640    0.6145         1    0.7239    0.3109   0.02759  0.005663         0
   196/599        0G   0.03469   0.01465         0   0.04934         2       640    0.8078         1    0.8822    0.4556   0.02373  0.005835         0
   197/599        0G   0.02997   0.01701         0   0.04698         2       640    0.9213         1    0.9726    0.5861   0.02053  0.005902         0
   198/599        0G   0.02855   0.01764         0    0.0462         5       640    0.9516    0.9988    0.9848    0.6065   0.01961  0.005816         0
   199/599        0G   0.02837   0.01723         0    0.0456         3       640    0.9516         1    0.9893    0.5846    0.0178  0.005833         0
   200/599        0G   0.02924   0.01679         0   0.04602         5       640    0.9671         1    0.9896    0.6404   0.01802  0.005881         0
   201/599        0G   0.02779   0.01581         0    0.0436         4       640    0.9833         1     0.987       0.6   0.01771  0.005987         0
   202/599        0G   0.02669   0.01544         0   0.04213         3       640    0.9832         1    0.9865    0.6271   0.01657  0.005928         0
   203/599        0G   0.02297    0.0152         0   0.03818         6       640    0.9671         1    0.9886    0.6691   0.01662  0.005843         0
   204/599        0G   0.02631   0.01566         0   0.04197         3       640    0.9831         1    0.9934    0.6249    0.0176  0.005657         0
   205/599        0G   0.03195   0.01589         0   0.04783         6       640    0.9999         1    0.9953     0.703   0.01761  0.005523         0
   206/599        0G   0.03134   0.01535         0   0.04669         5       640    0.9999         1    0.9953    0.6625   0.01612  0.005384         0
   207/599        0G    0.0356   0.01731         0   0.05291         6       640    0.9999         1    0.9953    0.6625   0.01612  0.005384         0
   208/599        0G   0.03218   0.01448         0   0.04666         5       640    0.9832         1    0.9951    0.5641    0.0196  0.005341         0
   209/599        0G   0.03725   0.01582         0   0.05307         2       640    0.9999    0.9831    0.9949    0.5293   0.02051  0.005369         0
   210/599        0G   0.02903   0.01561         0   0.04464         2       640         1    0.9831    0.9946    0.5818   0.01842  0.005404         0
   211/599        0G   0.03049   0.01384         0   0.04433         2       640         1    0.9831    0.9939    0.6738   0.01662  0.005427         0
   212/599        0G   0.03001    0.0155         0   0.04551         5       640    0.9999    0.9831    0.9936    0.6739    0.0168  0.005404         0
   213/599        0G   0.03043   0.01699         0   0.04741         3       640    0.9999    0.9831     0.993    0.5986   0.01898  0.005406         0
   214/599        0G   0.02733   0.01714         0   0.04447         8       640         1     0.983    0.9939    0.5685   0.02077  0.005429         0
   215/599        0G    0.0337   0.01487         0   0.04857         6       640    0.9993    0.9831    0.9948    0.6546   0.01836  0.005335         0
   216/599        0G    0.0242   0.01522         0   0.03943         3       640    0.9832         1     0.995    0.6995   0.01639  0.005295         0
   217/599        0G   0.02525   0.01665         0    0.0419         5       640    0.9833         1    0.9947    0.6718   0.01637  0.005387         0
   218/599        0G    0.0218   0.01336         0   0.03516         6       640    0.9999         1    0.9952    0.7071   0.01465  0.005136         0
   219/599        0G   0.02729   0.01444         0   0.04173         5       640    0.9998         1    0.9952    0.6693   0.01438  0.005076         0
   220/599        0G   0.02132    0.0141         0   0.03542         3       640         1    0.9998    0.9952    0.7215   0.01471  0.004946         0
   221/599        0G   0.02749    0.0156         0   0.04309         6       640    0.9999         1    0.9952    0.5932   0.01824   0.00479         0
   222/599        0G   0.02496   0.01362         0   0.03858         4       640         1    0.9828    0.9949    0.6144   0.01611  0.004908         0
   223/599        0G    0.0298   0.01638         0   0.04618         8       640         1    0.9828    0.9949    0.6144   0.01611  0.004908         0
   224/599        0G   0.02976    0.0163         0   0.04606         5       640    0.8921    0.9831    0.9491    0.4446   0.02014  0.005075         0
   225/599        0G   0.03129   0.01475         0   0.04603         5       640    0.8676         1    0.9047    0.3492   0.02186  0.005202         0
   226/599        0G   0.03011   0.01492         0   0.04503         4       640    0.8676    0.9998    0.9037    0.3523     0.021  0.005297         0
   227/599        0G   0.03325   0.01413         0   0.04738         3       640     0.855         1    0.8923    0.4074    0.0191  0.005261         0
   228/599        0G   0.02683   0.01528         0    0.0421         3       640    0.9329    0.9492    0.9523    0.5362   0.01741  0.005257         0
   229/599        0G   0.02588    0.0146         0   0.04048         5       640    0.9216         1    0.9781     0.615   0.01647  0.005161         0
   230/599        0G   0.02803   0.01777         0    0.0458         5       640    0.9516    0.9999    0.9843    0.6448   0.01547  0.005227         0
   231/599        0G   0.02302   0.01342         0   0.03644         4       640    0.9516         1    0.9833    0.6952   0.01455  0.005455         0
   232/599        0G   0.02581    0.0138         0   0.03962         4       640    0.9516    0.9998    0.9859    0.6909   0.01467  0.005724         0
   233/599        0G   0.02465   0.01471         0   0.03937         5       640    0.9508    0.9831    0.9875    0.6727   0.01358  0.005624         0
   234/599        0G   0.02332   0.01592         0   0.03924         3       640    0.9516    0.9999     0.989    0.7176   0.01236  0.005355         0
   235/599        0G   0.02312   0.01292         0   0.03604         4       640     0.983    0.9825    0.9916    0.7183   0.01223  0.005281         0
   236/599        0G   0.02795   0.01569         0   0.04364         8       640    0.9833    0.9994    0.9903    0.7094   0.01284  0.005095         0
   237/599        0G    0.0244   0.01409         0   0.03849         6       640    0.9833         1    0.9883    0.7257   0.01218  0.004914         0
   238/599        0G   0.02669   0.01511         0    0.0418         8       640    0.9833    0.9999     0.987    0.5839   0.01708  0.004915         0
   239/599        0G   0.02806   0.01747         0   0.04553         7       640    0.9833    0.9999     0.987    0.5839   0.01708  0.004915         0
   240/599        0G   0.03496   0.01488         0   0.04984         7       640    0.9513         1    0.9857    0.3996    0.0226  0.005013         0
   241/599        0G   0.03322   0.01549         0   0.04871         6       640    0.9355     0.983    0.9598    0.3445   0.02488  0.005148         0
   242/599        0G   0.03049   0.01448         0   0.04497         4       640    0.9661    0.9661    0.9631    0.3704   0.02316  0.005279         0
   243/599        0G   0.02706   0.01297         0   0.04003         3       640    0.9508    0.9828    0.9815    0.4586   0.01877  0.005563         0
   244/599        0G   0.02594   0.01632         0   0.04226         5       640    0.9516         1    0.9826     0.595    0.0156  0.005675         0
   245/599        0G   0.02445   0.01431         0   0.03876         3       640    0.9516         1     0.986    0.6201   0.01497    0.0055         0
   246/599        0G   0.02337   0.01294         0   0.03631         5       640    0.9829    0.9831    0.9865    0.6329   0.01456  0.005306         0
   247/599        0G   0.02254   0.01275         0   0.03529         3       640    0.9831     0.983    0.9852      0.64   0.01435  0.005161         0
   248/599        0G   0.02523   0.01274         0   0.03797         4       640     0.983    0.9829    0.9855    0.6498    0.0138  0.005037         0
   249/599        0G   0.01928   0.01162         0    0.0309         5       640    0.9832         1    0.9878    0.6696   0.01299  0.005058         0
   250/599        0G   0.02583   0.01551         0   0.04134         8       640    0.9833         1    0.9898    0.6758   0.01472  0.004986         0
   251/599        0G   0.02707   0.01376         0   0.04084         5       640    0.9833         1    0.9922     0.682    0.0136  0.004909         0
   252/599        0G   0.02835   0.01559         0   0.04394         6       640    0.9833         1    0.9935    0.7371   0.01372  0.004813         0
   253/599        0G   0.02427   0.01458         0   0.03885         3       640    0.9833         1     0.995    0.6477   0.01482  0.004864         0
   254/599        0G   0.02256   0.01205         0   0.03462         6       640    0.9833         1    0.9947    0.6063   0.01612  0.004814         0
   255/599        0G   0.02796   0.01278         0   0.04075         2       640    0.9833         1    0.9947    0.6063   0.01612  0.004814         0
   256/599        0G   0.02784   0.01335         0   0.04119         4       640    0.9515         1    0.9938    0.4001   0.02151  0.004981         0
   257/599        0G   0.02896   0.01464         0    0.0436         5       640    0.8506    0.9661    0.9568    0.3456   0.02397  0.005142         0
   258/599        0G   0.02916   0.01427         0   0.04342         3       640    0.8142    0.9658    0.9325    0.4171   0.02306  0.005218         0
   259/599        0G    0.0262   0.01331         0   0.03951         6       640    0.8285    0.9831    0.9434    0.4598   0.01972  0.005344         0
   260/599        0G   0.02522   0.01486         0   0.04009         3       640     0.983    0.9828    0.9898    0.5601    0.0167  0.005393         0
   261/599        0G   0.02409   0.01666         0   0.04074         3       640         1    0.9821    0.9946    0.6092    0.0157  0.005452         0
   262/599        0G   0.02514   0.01577         0    0.0409         6       640    0.9671         1    0.9941    0.6493    0.0148  0.005418         0
   263/599        0G   0.02478   0.01476         0   0.03954         4       640    0.9672    0.9999    0.9914    0.6973   0.01391   0.00533         0
   264/599        0G   0.02035   0.01283         0   0.03319         7       640    0.9672    0.9999    0.9912    0.6905   0.01371  0.005335         0
   265/599        0G   0.02355   0.01555         0   0.03909         6       640    0.9671         1    0.9909    0.7224   0.01334  0.005229         0
   266/599        0G   0.02392   0.01345         0   0.03737         6       640    0.9672         1    0.9926     0.732   0.01251  0.005111         0
   267/599        0G    0.0245   0.01476         0   0.03926         7       640    0.9672         1    0.9938    0.7465   0.01212  0.004934         0
   268/599        0G   0.02276   0.01339         0   0.03615         3       640    0.9672         1    0.9941    0.7289   0.01305   0.00472         0
   269/599        0G   0.02253   0.01484         0   0.03738         7       640    0.9998    0.9831     0.995    0.7059   0.01393  0.004539         0
   270/599        0G   0.02537   0.01465         0   0.04002         6       640         1    0.9999    0.9954    0.7062   0.01402  0.004474         0
   271/599        0G   0.02035   0.01205         0    0.0324         3       640         1    0.9999    0.9954    0.7062   0.01402  0.004474         0
   272/599        0G   0.02969   0.01431         0     0.044         5       640         1    0.9999    0.9954    0.6078   0.01775  0.004529         0
   273/599        0G   0.02559   0.01481         0   0.04041         3       640         1         1    0.9954    0.5632   0.01852  0.004546         0
   274/599        0G   0.02944   0.01523         0   0.04467         5       640         1         1    0.9954    0.5801   0.01791  0.004592         0
   275/599        0G   0.02757   0.01313         0   0.04069         2       640         1         1    0.9954    0.6611   0.01484  0.004746         0
   276/599        0G   0.02199    0.0127         0   0.03469         7       640         1         1    0.9954    0.7327   0.01384  0.004667         0
   277/599        0G   0.02535   0.01439         0   0.03974         5       640         1         1    0.9954    0.6629   0.01532  0.004568         0
   278/599        0G   0.02557    0.0152         0   0.04077         3       640         1         1    0.9954    0.6156   0.01617   0.00464         0
   279/599        0G   0.02122   0.01219         0   0.03341         6       640         1         1    0.9954    0.6951   0.01306  0.004668         0
   280/599        0G    0.0241   0.01276         0   0.03686         3       640         1         1    0.9953    0.7272   0.01232  0.004799         0
   281/599        0G    0.0201   0.01255         0   0.03265         5       640         1         1    0.9954    0.7197   0.01237  0.004819         0
   282/599        0G   0.02339   0.01224         0   0.03563         3       640         1         1    0.9954    0.7403   0.01258  0.004771         0
   283/599        0G   0.02583   0.01425         0   0.04008         6       640         1         1    0.9954    0.7784   0.01129  0.004687         0
   284/599        0G   0.02151    0.0134         0   0.03491         4       640    0.9999         1    0.9953    0.7307   0.01323  0.004719         0
   285/599        0G   0.02511   0.01291         0   0.03802         2       640    0.9999         1    0.9954    0.7314   0.01193  0.004537         0
   286/599        0G   0.02239   0.01269         0   0.03508         9       640         1         1    0.9954    0.7524   0.01189  0.004451         0
   287/599        0G   0.02569    0.0132         0   0.03889         3       640         1         1    0.9954    0.7524   0.01189  0.004451         0
   288/599        0G   0.02176   0.01388         0   0.03565         6       640         1         1    0.9954    0.6521   0.01403  0.004511         0
   289/599        0G   0.02166   0.01262         0   0.03428         6       640    0.9999         1    0.9954    0.6061   0.01504  0.004542         0
   290/599        0G   0.02534    0.0141         0   0.03944         5       640         1    0.9999    0.9954     0.616   0.01526  0.004558         0
   291/599        0G   0.02717   0.01375         0   0.04093         2       640         1         1    0.9954    0.6877    0.0139  0.004563         0
   292/599        0G   0.02524   0.01338         0   0.03862         7       640         1         1    0.9954    0.7516   0.01265  0.004569         0
   293/599        0G   0.02083   0.01349         0   0.03432         4       640    0.9999         1    0.9954    0.7379   0.01264  0.004518         0
   294/599        0G   0.01977   0.01468         0   0.03445         7       640         1    0.9999    0.9953    0.7266   0.01251  0.004513         0
   295/599        0G   0.02235   0.01402         0   0.03637         4       640    0.9999         1    0.9953    0.7563   0.01245  0.004434         0
   296/599        0G    0.0216   0.01309         0   0.03469         8       640         1         1    0.9953    0.7552   0.01217  0.004279         0
   297/599        0G   0.02378   0.01408         0   0.03786         5       640         1         1    0.9953    0.7644   0.01165  0.004204         0
   298/599        0G   0.02173   0.01197         0    0.0337         6       640         1         1    0.9953    0.7643   0.01199  0.004196         0
   299/599        0G   0.02234   0.01346         0    0.0358         4       640         1         1    0.9953    0.7681   0.01122  0.004088         0
   300/599        0G   0.02069   0.01229         0   0.03299         4       640         1         1    0.9953     0.778   0.01206  0.004056         0
   301/599        0G    0.0197   0.01108         0   0.03078         5       640         1         1    0.9953    0.7223   0.01314  0.004143         0
   302/599        0G   0.02507   0.01347         0   0.03855         5       640         1         1    0.9953     0.767   0.01208  0.004118         0
   303/599        0G   0.01951    0.0129         0   0.03241         5       640         1         1    0.9953     0.767   0.01208  0.004118         0
   304/599        0G   0.02594   0.01242         0   0.03837         6       640         1         1    0.9954    0.7095   0.01426  0.004191         0
   305/599        0G   0.02237   0.01241         0   0.03479         7       640         1         1    0.9954     0.688   0.01499  0.004228         0
   306/599        0G   0.02474   0.01182         0   0.03656         5       640         1         1    0.9954    0.7157    0.0143  0.004259         0
   307/599        0G   0.02333   0.01282         0   0.03615         8       640    0.9999         1    0.9954    0.7626   0.01264  0.004229         0
   308/599        0G   0.02337   0.01242         0   0.03579         7       640         1    0.9999    0.9954    0.7473   0.01247  0.004343         0
   309/599        0G    0.0226   0.01276         0   0.03535         2       640         1    0.9999    0.9954    0.7549   0.01238  0.004418         0
   310/599        0G    0.0205   0.01242         0   0.03292         4       640         1         1    0.9954    0.7551   0.01204  0.004401         0
   311/599        0G   0.02778   0.01334         0   0.04113         5       640         1         1    0.9954    0.7613   0.01177  0.004261         0
   312/599        0G    0.0211   0.01296         0   0.03406         3       640         1         1    0.9954    0.7954   0.01111  0.003999         0
   313/599        0G   0.02202   0.01097         0   0.03299         3       640         1         1    0.9954     0.805   0.01158  0.003876         0
   314/599        0G   0.02271   0.01205         0   0.03476         2       640         1         1    0.9954    0.8077   0.01044  0.003812         0
   315/599        0G   0.01987   0.01005         0   0.02992         5       640         1         1    0.9954     0.778   0.01108  0.003825         0
   316/599        0G   0.02036   0.01348         0   0.03384         6       640         1         1    0.9954    0.8092   0.01003  0.003719         0
   317/599        0G   0.01919   0.01183         0   0.03102         5       640         1         1    0.9954    0.7804   0.01064  0.003755         0
   318/599        0G   0.01749   0.01228         0   0.02977         8       640         1         1    0.9955    0.7497   0.01178   0.00378         0
   319/599        0G   0.02055   0.01191         0   0.03245         4       640         1         1    0.9955    0.7497   0.01178   0.00378         0
   320/599        0G    0.0235   0.01161         0   0.03511         3       640         1    0.9999    0.9955    0.6078   0.01485  0.003897         0
   321/599        0G   0.02555   0.01189         0   0.03744         5       640    0.9998         1    0.9955    0.5388   0.01643  0.003932         0
   322/599        0G   0.02681   0.01138         0    0.0382         6       640     0.967         1    0.9945    0.5821   0.01527  0.003882         0
   323/599        0G   0.02049   0.01075         0   0.03124         6       640    0.9998         1    0.9955    0.6929   0.01297  0.003795         0
   324/599        0G   0.01981   0.01285         0   0.03266         6       640         1         1    0.9956    0.7789   0.01232  0.003794         0
   325/599        0G   0.01884   0.01138         0   0.03022         3       640         1         1    0.9956    0.7518   0.01294  0.003884         0
   326/599        0G   0.01823   0.01311         0   0.03134         4       640         1         1    0.9956    0.7174   0.01421  0.003982         0
   327/599        0G    0.0199   0.01203         0   0.03193         4       640         1         1    0.9956    0.7762   0.01197  0.003944         0
   328/599        0G   0.02558   0.01349         0   0.03907         3       640         1         1    0.9956    0.8125   0.01087   0.00388         0
   329/599        0G   0.01845    0.0131         0   0.03154         8       640         1         1    0.9956    0.8046   0.01079   0.00387         0
   330/599        0G   0.02099   0.01315         0   0.03414         4       640         1         1    0.9956     0.812   0.01028  0.003867         0
   331/599        0G    0.0179   0.01174         0   0.02964         6       640         1         1    0.9956    0.8092   0.01066  0.003854         0
   332/599        0G   0.02281   0.01341         0   0.03622         3       640         1         1    0.9957    0.8091   0.01109  0.003891         0
   333/599        0G   0.02222   0.01221         0   0.03443         2       640         1         1    0.9957    0.7844   0.01121  0.003947         0
   334/599        0G   0.02383   0.01257         0   0.03639         6       640         1         1    0.9957    0.7363   0.01194  0.003919         0
   335/599        0G   0.01964   0.01094         0   0.03058         3       640         1         1    0.9957    0.7363   0.01194  0.003919         0
   336/599        0G   0.02393   0.01345         0   0.03738         5       640         1         1    0.9957    0.6345   0.01425  0.004066         0
   337/599        0G    0.0281   0.01316         0   0.04125         8       640         1         1    0.9957    0.6043   0.01441  0.004122         0
   338/599        0G   0.02471   0.01304         0   0.03775         3       640         1         1    0.9957    0.6351   0.01333  0.004122         0
   339/599        0G   0.02261    0.0112         0   0.03381         4       640         1         1    0.9957    0.7062   0.01198  0.004074         0
   340/599        0G   0.01963   0.01027         0    0.0299         6       640         1         1    0.9957    0.7733   0.01098  0.004075         0
   341/599        0G   0.02015   0.01273         0   0.03288         3       640         1         1    0.9957    0.7919   0.01055  0.004048         0
   342/599        0G    0.0172   0.01126         0   0.02846         3       640         1         1    0.9956    0.7951   0.01151  0.003976         0
   343/599        0G   0.02203   0.01252         0   0.03456         4       640         1         1    0.9956    0.7995   0.01212  0.004052         0
   344/599        0G   0.01895   0.01211         0   0.03106         6       640         1         1    0.9956    0.8091   0.01108  0.004015         0
   345/599        0G   0.02007   0.01206         0   0.03213         7       640         1         1    0.9956    0.8013   0.01131  0.004028         0
   346/599        0G   0.02103   0.01085         0   0.03188         6       640         1         1    0.9956    0.8037    0.0103  0.004014         0
   347/599        0G   0.02021   0.01196         0   0.03217         3       640         1         1    0.9957    0.8158   0.01027  0.004102         0
   348/599        0G   0.02034    0.0127         0   0.03304         3       640         1         1    0.9956    0.7551   0.01066  0.004048         0
   349/599        0G   0.01938   0.01216         0   0.03154         5       640         1         1    0.9957      0.78   0.01057  0.003951         0
   350/599        0G   0.02366   0.01188         0   0.03553         4       640         1         1    0.9956    0.8121  0.009891  0.003947         0
   351/599        0G   0.01962   0.01173         0   0.03134         3       640         1         1    0.9956    0.8121  0.009891  0.003947         0
   352/599        0G   0.02025   0.01197         0   0.03221         8       640         1         1    0.9956    0.7231   0.01175  0.004072         0
   353/599        0G   0.01741   0.01039         0   0.02781         5       640         1         1    0.9956     0.691   0.01258  0.004175         0
   354/599        0G   0.02062   0.01153         0   0.03215         4       640         1         1    0.9956     0.733   0.01185  0.004138         0
   355/599        0G   0.02154   0.01239         0   0.03394         6       640         1         1    0.9956    0.7661   0.01118  0.004053         0
   356/599        0G   0.01741   0.01129         0    0.0287         2       640         1         1    0.9956     0.768   0.01096  0.004059         0
   357/599        0G   0.01919   0.01305         0   0.03224         6       640         1         1    0.9957    0.7761   0.01107  0.004061         0
   358/599        0G   0.02262   0.01207         0    0.0347         5       640         1         1    0.9957    0.7785    0.0111  0.004121         0
   359/599        0G   0.02006    0.0109         0   0.03096         7       640         1         1    0.9956     0.794   0.01083  0.004145         0
   360/599        0G   0.02023   0.01253         0   0.03276         6       640         1         1    0.9957    0.7832   0.01088    0.0042         0
   361/599        0G   0.01804   0.01254         0   0.03058         3       640         1         1    0.9957    0.7976   0.01055  0.004163         0
   362/599        0G   0.01999   0.01135         0   0.03134         7       640         1         1    0.9957     0.793   0.01115  0.004015         0
   363/599        0G   0.01985    0.0113         0   0.03116         3       640         1         1    0.9957    0.7921   0.01025  0.003951         0
   364/599        0G   0.02141  0.009982         0   0.03139         8       640         1         1    0.9957    0.7124   0.01322  0.003996         0
   365/599        0G   0.02013   0.01194         0   0.03208         8       640         1         1    0.9957    0.7912   0.01026  0.003968         0
   366/599        0G    0.0188   0.01139         0   0.03019         6       640         1         1    0.9956    0.8189  0.009894  0.003836         0
   367/599        0G   0.01678   0.01192         0    0.0287         6       640         1         1    0.9956    0.8189  0.009894  0.003836         0
   368/599        0G   0.02368   0.01164         0   0.03532         3       640         1         1    0.9956    0.7525   0.01137  0.003857         0
   369/599        0G   0.01929   0.01265         0   0.03194         8       640         1         1    0.9956     0.735   0.01174  0.003879         0
   370/599        0G   0.01863   0.01113         0   0.02977         3       640         1         1    0.9956    0.7803   0.01098  0.003828         0
   371/599        0G   0.02155   0.01138         0   0.03293         5       640         1         1    0.9956    0.8133   0.01027  0.003806         0
   372/599        0G    0.0168   0.01059         0   0.02738         6       640         1         1    0.9957     0.795   0.01056  0.003808         0
   373/599        0G   0.02203   0.01179         0   0.03382         5       640         1         1    0.9957    0.7953   0.01038  0.003829         0
   374/599        0G   0.01962    0.0141         0   0.03371         6       640         1         1    0.9957    0.8217  0.009666  0.003765         0
   375/599        0G   0.01836   0.01148         0   0.02983         7       640         1         1    0.9957    0.8332  0.009509  0.003717         0
   376/599        0G   0.01918   0.01117         0   0.03035         7       640         1         1    0.9957    0.8232  0.009424  0.003636         0
   377/599        0G    0.0179   0.01216         0   0.03005         5       640         1         1    0.9957    0.8289  0.009561  0.003604         0
   378/599        0G   0.01763   0.01149         0   0.02912         6       640         1         1    0.9957    0.8176  0.009574  0.003726         0
   379/599        0G   0.01784   0.01201         0   0.02985         5       640         1         1    0.9957    0.8298  0.009015  0.003785         0
   380/599        0G   0.01793   0.01063         0   0.02856         5       640         1         1    0.9957    0.8073  0.009422  0.003722         0
   381/599        0G   0.01755  0.009884         0   0.02743         4       640         1         1    0.9958    0.8303  0.009203  0.003689         0
   382/599        0G   0.01845   0.01054         0     0.029         5       640         1         1    0.9959    0.7685   0.01047  0.003707         0
   383/599        0G   0.02081   0.01303         0   0.03384         8       640         1         1    0.9959    0.7685   0.01047  0.003707         0
   384/599        0G   0.02262   0.01079         0    0.0334         4       640         1         1    0.9959    0.6475   0.01328  0.003816         0
   385/599        0G   0.02595   0.01041         0   0.03636         5       640         1         1    0.9959      0.62   0.01367  0.003835         0
   386/599        0G   0.02415   0.01134         0   0.03549         5       640         1         1    0.9959    0.6615   0.01235  0.003814         0
   387/599        0G   0.01917   0.01049         0   0.02966         6       640         1         1     0.996    0.7562   0.01041  0.003691         0
   388/599        0G   0.01838   0.01017         0   0.02855         5       640         1         1    0.9959    0.8447  0.009534  0.003587         0
   389/599        0G   0.01912   0.01141         0   0.03053         6       640         1         1     0.996    0.8308   0.01029  0.003577         0
   390/599        0G   0.02348    0.0109         0   0.03439         3       640         1         1     0.996    0.8452  0.009347  0.003605         0
   391/599        0G   0.01895    0.0107         0   0.02965         4       640         1         1     0.996    0.8356  0.008875  0.003574         0
   392/599        0G   0.01871   0.01135         0   0.03006         6       640         1         1     0.996    0.8296  0.008747  0.003479         0
   393/599        0G   0.02002   0.01141         0   0.03143         4       640         1         1     0.996    0.8409  0.008623  0.003461         0
   394/599        0G   0.01937   0.01274         0    0.0321         7       640         1         1     0.996    0.8454  0.008843  0.003433         0
   395/599        0G   0.01842   0.01064         0   0.02906         4       640         1         1     0.996    0.8617   0.00868  0.003452         0
   396/599        0G   0.01787   0.01005         0   0.02792         5       640         1         1    0.9959    0.8423  0.008931  0.003501         0
   397/599        0G   0.02043   0.01211         0   0.03254         4       640         1         1    0.9959    0.8048  0.009264  0.003557         0
   398/599        0G   0.01793   0.01111         0   0.02904         3       640         1         1    0.9959    0.8126  0.009367  0.003492         0
   399/599        0G   0.01496  0.009425         0   0.02438         3       640         1         1    0.9959    0.8126  0.009367  0.003492         0
   400/599        0G   0.02149   0.01137         0   0.03286         3       640         1         1    0.9959    0.7081    0.0119  0.003589         0
   401/599        0G    0.0207   0.01194         0   0.03264         3       640         1         1    0.9958    0.6663   0.01267  0.003643         0
   402/599        0G    0.0171   0.01148         0   0.02857         6       640         1         1    0.9958    0.7224   0.01116  0.003628         0
   403/599        0G   0.02012    0.0111         0   0.03121         4       640         1         1    0.9957    0.7938  0.009489  0.003591         0
   404/599        0G   0.02469     0.012         0   0.03669         8       640         1         1    0.9957    0.8122  0.009015  0.003604         0
   405/599        0G   0.01946    0.0124         0   0.03185         5       640         1         1    0.9958    0.8186   0.00906   0.00364         0
   406/599        0G   0.02013  0.009846         0   0.02997         2       640         1         1    0.9957     0.816  0.009226   0.00364         0
   407/599        0G   0.01713   0.01073         0   0.02786         4       640         1         1    0.9957    0.8316  0.009125  0.003559         0
   408/599        0G   0.01933  0.009435         0   0.02877         2       640         1         1    0.9957    0.8413  0.008644  0.003486         0
   409/599        0G   0.01747   0.01051         0   0.02799         8       640         1         1    0.9957    0.8424  0.008229  0.003485         0
   410/599        0G   0.02014   0.01063         0   0.03077         4       640         1         1    0.9957    0.8141  0.008728  0.003506         0
   411/599        0G    0.0198  0.009519         0   0.02932         2       640         1         1    0.9957    0.8291  0.009086   0.00353         0
   412/599        0G   0.01709   0.01041         0    0.0275         6       640         1         1    0.9958    0.8199  0.008876  0.003606         0
   413/599        0G   0.02007   0.01002         0   0.03009         5       640         1         1    0.9959    0.7718  0.009768   0.00364         0
   414/599        0G    0.0216   0.01203         0   0.03363         5       640         1         1    0.9959    0.8125  0.008855  0.003583         0
   415/599        0G   0.01863    0.0117         0   0.03034         4       640         1         1    0.9959    0.8125  0.008855  0.003583         0
   416/599        0G   0.02058   0.01147         0   0.03205         6       640         1         1     0.996    0.7635   0.01047  0.003653         0
   417/599        0G    0.0229   0.01171         0   0.03461         3       640         1         1     0.996    0.7214   0.01115   0.00372         0
   418/599        0G   0.02136   0.01004         0    0.0314         3       640         1         1     0.996    0.7432   0.01086  0.003791         0
   419/599        0G   0.01887   0.01097         0   0.02985         2       640         1         1     0.996    0.7974  0.009778  0.003819         0
   420/599        0G   0.01892  0.009349         0   0.02827         3       640         1         1    0.9961    0.8251  0.009147  0.003793         0
   421/599        0G   0.01659   0.01055         0   0.02715         3       640         1         1    0.9961    0.7987  0.009733  0.003789         0
   422/599        0G   0.01763   0.01071         0   0.02834         4       640         1         1    0.9961    0.8081  0.009517  0.003745         0
   423/599        0G   0.01924   0.01042         0   0.02967         6       640         1         1     0.996    0.8348  0.008901  0.003693         0
   424/599        0G   0.01852   0.01141         0   0.02994         3       640         1         1     0.996    0.8318  0.008586  0.003594         0
   425/599        0G    0.0187  0.009434         0   0.02814         4       640         1         1     0.996    0.8166  0.009184  0.003555         0
   426/599        0G   0.01951    0.0104         0   0.02991         5       640         1         1    0.9959    0.8248  0.008918  0.003468         0
   427/599        0G   0.01597  0.009307         0   0.02528         4       640         1         1    0.9958    0.8443  0.008575  0.003392         0
   428/599        0G   0.02053   0.01161         0   0.03214         6       640         1         1    0.9958    0.8383  0.008064  0.003364         0
   429/599        0G   0.01756   0.01166         0   0.02921         2       640         1         1    0.9958     0.812  0.008568  0.003318         0
   430/599        0G   0.01731   0.01051         0   0.02781         8       640         1         1    0.9957    0.8569  0.007842  0.003199         0
   431/599        0G   0.01497  0.009456         0   0.02442         3       640         1         1    0.9957    0.8569  0.007842  0.003199         0
   432/599        0G   0.01767  0.008948         0   0.02661         4       640         1         1    0.9957    0.8253   0.00886  0.003226         0
   433/599        0G    0.0166   0.01086         0   0.02746         6       640         1         1    0.9957    0.8249  0.009254  0.003221         0
   434/599        0G   0.02176   0.01093         0   0.03269         5       640         1         1    0.9957    0.8219   0.00924  0.003229         0
   435/599        0G   0.01844   0.01172         0   0.03016         6       640         1         1    0.9957    0.8459  0.008926  0.003195         0
   436/599        0G   0.01922   0.01036         0   0.02958         3       640         1         1    0.9957    0.8377  0.009206  0.003195         0
   437/599        0G   0.01517   0.01021         0   0.02538         6       640         1         1    0.9957    0.8385  0.008943   0.00324         0
   438/599        0G   0.01854   0.01047         0     0.029         6       640         1         1    0.9957     0.862   0.00825  0.003249         0
   439/599        0G   0.01727   0.00899         0   0.02626         3       640         1         1    0.9957    0.8621  0.008539  0.003258         0
   440/599        0G   0.01507   0.01064         0   0.02571         6       640         1         1    0.9957    0.8641  0.008117  0.003229         0
   441/599        0G   0.01586  0.009768         0   0.02563         8       640         1         1    0.9957    0.8556  0.008218  0.003196         0
   442/599        0G   0.01576    0.0105         0   0.02626         8       640         1         1    0.9957    0.8562  0.007831  0.003148         0
   443/599        0G   0.01569   0.01025         0   0.02594         5       640         1         1    0.9957    0.8653  0.007915  0.003131         0
   444/599        0G   0.01455  0.009944         0   0.02449         6       640         1         1    0.9957    0.8559  0.008146  0.003117         0
   445/599        0G   0.01365   0.01036         0   0.02401         5       640         1         1    0.9957    0.8472  0.008568  0.003137         0
   446/599        0G   0.01573   0.01017         0    0.0259         4       640         1         1    0.9957    0.8292  0.008741  0.003182         0
   447/599        0G   0.01693  0.009203         0   0.02613         3       640         1         1    0.9957    0.8292  0.008741  0.003182         0
   448/599        0G   0.02132   0.01062         0   0.03195         5       640         1         1    0.9957    0.7717   0.01045  0.003338         0
   449/599        0G   0.01691    0.0102         0   0.02711         3       640         1         1    0.9957    0.7568   0.01135  0.003443         0
   450/599        0G   0.02029   0.00945         0   0.02974         5       640         1         1    0.9957    0.7739   0.01104  0.003466         0
   451/599        0G    0.0214    0.0113         0    0.0327         5       640         1         1    0.9957    0.8108   0.01003  0.003394         0
   452/599        0G   0.02029   0.01137         0   0.03167         5       640         1         1    0.9957    0.8377  0.008946  0.003332         0
   453/599        0G   0.01403  0.008677         0    0.0227         7       640         1         1    0.9958    0.8563  0.008838  0.003305         0
   454/599        0G   0.01648   0.01106         0   0.02754         3       640         1         1    0.9958    0.8551  0.008797  0.003311         0
   455/599        0G   0.01881   0.01091         0   0.02971         8       640         1         1    0.9958    0.8758  0.008295  0.003358         0
   456/599        0G   0.01497  0.009175         0   0.02415         4       640         1         1    0.9958    0.8706  0.007962  0.003298         0
   457/599        0G   0.01767  0.009875         0   0.02755         3       640         1         1    0.9958     0.879  0.007724   0.00325         0
   458/599        0G   0.01424   0.01092         0   0.02516         4       640         1         1    0.9959    0.8791  0.007694  0.003274         0
   459/599        0G   0.02056   0.01052         0   0.03109         6       640         1         1    0.9958     0.873   0.00776  0.003312         0
   460/599        0G   0.01925    0.0106         0   0.02984         6       640         1         1    0.9958    0.8669  0.007752   0.00331         0
   461/599        0G   0.01497   0.01001         0   0.02498         6       640         1         1    0.9958    0.8592  0.008111  0.003289         0
   462/599        0G   0.01613  0.009223         0   0.02535         3       640         1         1    0.9958    0.8375  0.008958  0.003338         0
   463/599        0G   0.01783   0.01061         0   0.02844         3       640         1         1    0.9958    0.8375  0.008958  0.003338         0
   464/599        0G   0.01651  0.009593         0    0.0261         6       640         1         1    0.9958    0.7728   0.01098  0.003469         0
   465/599        0G   0.01631  0.009786         0   0.02609         5       640         1         1    0.9958    0.7412   0.01199  0.003532         0
   466/599        0G   0.01657   0.01001         0   0.02658         5       640         1         1    0.9958    0.7726   0.01111  0.003486         0
   467/599        0G   0.01872  0.009532         0   0.02826         2       640         1         1    0.9958    0.8129  0.009418  0.003379         0
   468/599        0G   0.01767   0.01155         0   0.02922         6       640         1         1    0.9958    0.8493  0.008079  0.003289         0
   469/599        0G   0.01725   0.01054         0   0.02779         5       640         1         1    0.9958    0.8635  0.007993  0.003269         0
   470/599        0G   0.01918   0.01036         0   0.02954         3       640         1         1    0.9958    0.8596   0.00815  0.003289         0
   471/599        0G   0.01617   0.01236         0   0.02853         5       640         1         1    0.9958    0.8649  0.007952  0.003327         0
   472/599        0G    0.0152   0.01097         0   0.02617         5       640         1         1    0.9959    0.8639   0.00791  0.003327         0
   473/599        0G    0.0169   0.01042         0   0.02733         3       640         1         1    0.9959    0.8636  0.008007  0.003338         0
   474/599        0G   0.01522   0.00941         0   0.02463         5       640         1         1    0.9959    0.8423   0.00858  0.003306         0
   475/599        0G   0.01922   0.00919         0   0.02841         5       640         1         1    0.9958    0.8674  0.008142  0.003229         0
   476/599        0G   0.01787   0.01023         0    0.0281         6       640         1         1    0.9959    0.8683  0.007683  0.003192         0
   477/599        0G   0.01769  0.009562         0   0.02726         3       640         1         1    0.9959    0.8649  0.007754  0.003204         0
   478/599        0G   0.01682   0.01107         0   0.02789         5       640         1         1    0.9959    0.8626  0.007391  0.003141         0
   479/599        0G    0.0173   0.01015         0   0.02745         7       640         1         1    0.9959    0.8626  0.007391  0.003141         0
   480/599        0G   0.01707  0.009389         0   0.02645         2       640         1         1    0.9959    0.8341  0.008322  0.003179         0
   481/599        0G   0.01693   0.01016         0    0.0271         3       640         1         1     0.996    0.8273  0.008604  0.003192         0
   482/599        0G   0.02024   0.01051         0   0.03075         5       640         1         1     0.996     0.827  0.008245  0.003156         0
   483/599        0G   0.01586  0.009728         0   0.02559         3       640         1         1     0.996    0.8628  0.007702  0.003135         0
   484/599        0G   0.01439   0.00989         0   0.02428         5       640         1         1    0.9959    0.8651  0.007529   0.00315         0
   485/599        0G   0.01431  0.009327         0   0.02364         2       640         1         1    0.9959    0.8761  0.007412  0.003165         0
   486/599        0G   0.01428   0.00863         0   0.02291         3       640         1         1    0.9959    0.8768  0.007349  0.003173         0
   487/599        0G   0.01326  0.009131         0   0.02239         6       640         1         1    0.9959      0.88  0.007117  0.003168         0
   488/599        0G   0.01753  0.009928         0   0.02745         5       640         1         1    0.9959    0.8849  0.007307  0.003182         0
   489/599        0G   0.01611  0.008721         0   0.02484         5       640         1         1    0.9959    0.8749  0.007213  0.003168         0
   490/599        0G   0.01323  0.008113         0   0.02134         3       640         1         1    0.9959     0.878  0.007214  0.003155         0
   491/599        0G   0.01513   0.01013         0   0.02526         4       640         1         1    0.9959    0.8885  0.007014  0.003116         0
   492/599        0G   0.01765   0.01145         0    0.0291         6       640         1         1     0.996    0.8869  0.006944  0.003108         0
   493/599        0G   0.01892   0.01042         0   0.02934         6       640         1         1     0.996    0.8867  0.006907   0.00308         0
   494/599        0G   0.01534   0.01008         0   0.02542         7       640         1         1     0.996    0.8562  0.007234  0.003106         0
   495/599        0G   0.01262  0.009761         0   0.02238         7       640         1         1     0.996    0.8562  0.007234  0.003106         0
   496/599        0G   0.01626   0.01058         0   0.02684         6       640         1         1     0.996    0.8245  0.007994  0.003164         0
   497/599        0G   0.01679  0.009255         0   0.02604         3       640         1         1     0.996    0.7975  0.008429  0.003227         0
   498/599        0G     0.016   0.01041         0   0.02641         6       640         1         1     0.996    0.8001  0.008285  0.003223         0
   499/599        0G   0.01596  0.009198         0   0.02516         5       640         1         1     0.996    0.8295  0.007839   0.00324         0
   500/599        0G   0.01718  0.008745         0   0.02593         3       640         1         1     0.996     0.859  0.007522  0.003243         0
   501/599        0G   0.01713  0.009176         0    0.0263         4       640         1         1     0.996    0.8615  0.007573  0.003257         0
   502/599        0G   0.01704    0.0106         0   0.02764         5       640         1         1     0.996     0.864  0.007514  0.003232         0
   503/599        0G   0.01665   0.00951         0   0.02616         5       640         1         1    0.9959    0.8665   0.00758  0.003216         0
   504/599        0G   0.01428  0.009297         0   0.02358         3       640         1         1     0.996     0.873  0.007646  0.003164         0
   505/599        0G   0.01638   0.00867         0   0.02505         5       640         1         1    0.9961    0.8718  0.007673  0.003136         0
   506/599        0G   0.01698   0.01131         0   0.02829         6       640         1         1    0.9961    0.8619  0.007911  0.003099         0
   507/599        0G   0.01523  0.009529         0   0.02476         5       640         1         1    0.9961    0.8685  0.007672  0.003057         0
   508/599        0G   0.01548  0.009403         0   0.02489         5       640         1         1    0.9961    0.8808  0.007361  0.003046         0
   509/599        0G   0.01524  0.008052         0   0.02329         3       640         1         1    0.9961    0.8742  0.007444  0.003084         0
   510/599        0G   0.01344  0.007146         0   0.02059         2       640         1         1    0.9961    0.8731  0.007466  0.003042         0
   511/599        0G   0.01334   0.01009         0   0.02343         8       640         1         1    0.9961    0.8731  0.007466  0.003042         0
   512/599        0G    0.0151   0.01076         0   0.02585         7       640         1         1    0.9961    0.8748  0.007752  0.003013         0
   513/599        0G   0.01561  0.009186         0   0.02479         4       640         1         1    0.9961    0.8749  0.007788   0.00298         0
   514/599        0G   0.01642  0.008392         0   0.02481         2       640         1         1    0.9962    0.8812  0.007755  0.002957         0
   515/599        0G   0.01632   0.01042         0   0.02674         7       640         1         1    0.9962    0.8714  0.007711  0.002938         0
   516/599        0G   0.01556  0.008832         0   0.02439         5       640         1         1    0.9961    0.8724  0.007726  0.002936         0
   517/599        0G   0.01821  0.009944         0   0.02815         8       640         1         1    0.9962    0.8701  0.007918   0.00293         0
   518/599        0G   0.01624  0.009833         0   0.02607         5       640         1         1    0.9962    0.8646   0.00807  0.002959         0
   519/599        0G   0.01526  0.009228         0   0.02449         3       640         1         1    0.9962    0.8647  0.008135  0.002979         0
   520/599        0G   0.01429  0.009534         0   0.02382         6       640         1         1    0.9961     0.876  0.007836  0.002936         0
   521/599        0G   0.01515  0.008698         0   0.02385         7       640         1         1    0.9962    0.8765  0.007711  0.002914         0
   522/599        0G   0.01948    0.0102         0   0.02968         6       640         1         1    0.9962    0.8749  0.007605   0.00288         0
   523/599        0G   0.01599   0.01054         0   0.02653         5       640         1         1    0.9962    0.8663  0.007643   0.00286         0
   524/599        0G   0.01305  0.009226         0   0.02227         6       640         1         1    0.9961    0.8596  0.007933  0.002925         0
   525/599        0G   0.01742   0.01023         0   0.02765         5       640         1         1    0.9961    0.8732   0.00792  0.002959         0
   526/599        0G   0.01805  0.009637         0   0.02769         3       640         1         1    0.9961    0.8586  0.008028  0.003099         0
   527/599        0G    0.0144  0.007757         0   0.02216         3       640         1         1    0.9961    0.8586  0.008028  0.003099         0
   528/599        0G    0.0154  0.007978         0   0.02338         3       640         1         1     0.996    0.8466  0.008407  0.003243         0
   529/599        0G   0.01503  0.008606         0   0.02364         2       640         1         1     0.996    0.8391   0.00876  0.003375         0
   530/599        0G   0.01402  0.009048         0   0.02307         4       640         1         1     0.996    0.8386  0.008837  0.003478         0
   531/599        0G   0.01257  0.008138         0   0.02071         6       640         1         1     0.996    0.8395  0.008836  0.003494         0
   532/599        0G    0.0157  0.008395         0   0.02409         5       640         1         1    0.9959    0.8451   0.00865  0.003449         0
   533/599        0G    0.0177  0.009729         0   0.02743         5       640         1         1    0.9959    0.8471  0.008421  0.003421         0
   534/599        0G   0.01512   0.01056         0   0.02568         5       640         1         1     0.996    0.8589  0.008291  0.003384         0
   535/599        0G   0.01664  0.009435         0   0.02608         6       640         1         1     0.996    0.8602  0.008307  0.003365         0
   536/599        0G   0.01534  0.009722         0   0.02506         5       640         1         1     0.996    0.8658  0.008253  0.003387         0
   537/599        0G   0.01312  0.008476         0    0.0216         2       640         1         1     0.996     0.872  0.007961  0.003344         0
   538/599        0G   0.01624  0.009464         0    0.0257         8       640         1         1     0.996    0.8782  0.007689  0.003262         0
   539/599        0G   0.01727   0.01061         0   0.02788         5       640         1         1    0.9961    0.8892  0.007513  0.003168         0
   540/599        0G   0.01528  0.009985         0   0.02527         6       640         1         1     0.996     0.888  0.007453  0.003109         0
   541/599        0G   0.01994   0.01195         0   0.03188         5       640         1         1    0.9961    0.8901  0.007346   0.00303         0
   542/599        0G   0.01568  0.008331         0   0.02401         8       640         1         1    0.9961    0.8641  0.007742  0.003089         0
   543/599        0G   0.01372   0.01051         0   0.02424         7       640         1         1    0.9961    0.8641  0.007742  0.003089         0
   544/599        0G   0.01393  0.007888         0   0.02182         4       640         1         1     0.996    0.8331  0.008426  0.003227         0
   545/599        0G   0.01563  0.009086         0   0.02471         5       640         1         1     0.996    0.8208  0.008751  0.003337         0
   546/599        0G   0.01554   0.01025         0    0.0258         4       640         1         1     0.996    0.8291  0.008709  0.003451         0
   547/599        0G   0.01357  0.009053         0   0.02263         3       640         1         1     0.996     0.854  0.008491  0.003479         0
   548/599        0G   0.01522  0.009278         0    0.0245         6       640         1         1     0.996    0.8602  0.008522  0.003385         0
   549/599        0G   0.01278  0.009385         0   0.02217         5       640         1         1     0.996    0.8521  0.008385  0.003259         0
   550/599        0G    0.0143  0.009083         0   0.02338         5       640         1         1     0.996    0.8597   0.00799  0.003092         0
   551/599        0G   0.01646  0.009155         0   0.02561         6       640         1         1     0.996    0.8636  0.007851  0.003054         0
   552/599        0G   0.01614  0.009911         0   0.02606         3       640         1         1     0.996    0.8583  0.007913   0.00306         0
   553/599        0G   0.01332   0.00875         0   0.02207         4       640         1         1     0.996    0.8683  0.007737   0.00304         0
   554/599        0G   0.01441  0.009383         0   0.02379         6       640         1         1     0.996    0.8667  0.007723  0.003078         0
   555/599        0G   0.01621  0.009812         0   0.02602         5       640         1         1     0.996    0.8614  0.007856  0.003142         0
   556/599        0G   0.01564  0.009464         0    0.0251         5       640         1         1    0.9961    0.8607  0.007666   0.00313         0
   557/599        0G   0.01468  0.009893         0   0.02458         4       640         1         1    0.9961    0.8745  0.007484   0.00311         0
   558/599        0G   0.01351  0.008188         0    0.0217         4       640         1         1    0.9961    0.8741  0.007604  0.003095         0
   559/599        0G   0.01697   0.01075         0   0.02773         7       640         1         1    0.9961    0.8741  0.007604  0.003095         0
   560/599        0G   0.01187  0.007479         0   0.01935         5       640         1         1    0.9961    0.8449  0.008217  0.003121         0
   561/599        0G   0.01394   0.00738         0   0.02132         3       640         1         1    0.9961    0.8427  0.008513  0.003159         0
   562/599        0G   0.01428  0.009058         0   0.02333         6       640         1         1    0.9961    0.8456   0.00846  0.003169         0
   563/599        0G   0.01385  0.008323         0   0.02217         5       640         1         1    0.9961    0.8766  0.007629  0.003115         0
   564/599        0G   0.01375  0.008651         0    0.0224         5       640         1         1    0.9961    0.8846  0.007038  0.003083         0
   565/599        0G   0.01447  0.009279         0   0.02375         4       640         1         1    0.9961     0.883  0.007006   0.00308         0
   566/599        0G   0.01529  0.009318         0    0.0246         3       640         1         1    0.9961    0.8881  0.006951   0.00304         0
   567/599        0G    0.0149  0.008939         0   0.02384         3       640         1         1    0.9961    0.8873   0.00708  0.003084         0
   568/599        0G   0.01269   0.00842         0   0.02111         5       640         1         1    0.9961    0.8734  0.007341  0.003133         0
   569/599        0G   0.01436  0.009243         0   0.02361         4       640         1         1    0.9961    0.8713  0.007265  0.003082         0
   570/599        0G   0.01475  0.008632         0   0.02338         5       640         1         1    0.9961    0.8837  0.007177     0.003         0
   571/599        0G   0.01317  0.008744         0   0.02191         7       640         1         1    0.9962    0.8776   0.00742  0.002973         0
   572/599        0G    0.0178  0.009022         0   0.02682         2       640         1         1    0.9962     0.887  0.007049  0.002934         0
   573/599        0G   0.01535   0.00944         0   0.02479         3       640         1         1    0.9962    0.8943  0.006916  0.002901         0
   574/599        0G   0.01335   0.00912         0   0.02247         6       640         1         1    0.9961     0.893  0.006808  0.002912         0
   575/599        0G   0.01688  0.009668         0   0.02655         3       640         1         1    0.9961     0.893  0.006808  0.002912         0
   576/599        0G   0.01258  0.008019         0    0.0206         2       640         1         1    0.9961    0.8789  0.006935  0.002963         0
   577/599        0G   0.01573  0.009927         0   0.02566         5       640         1         1     0.996    0.8765  0.007002  0.002977         0
   578/599        0G   0.01439  0.009087         0   0.02347         2       640         1         1     0.996    0.8759   0.00698  0.002993         0
   579/599        0G   0.01621  0.009554         0   0.02576         8       640         1         1     0.996    0.8783  0.006963     0.003         0
   580/599        0G   0.01356  0.008054         0   0.02162         3       640         1         1     0.996    0.8947  0.006697  0.002913         0
   581/599        0G    0.0155  0.009064         0   0.02457         8       640         1         1     0.996    0.8856  0.006577  0.002857         0
   582/599        0G    0.0139  0.008783         0   0.02268         2       640         1         1     0.996    0.8975  0.006575  0.002796         0
   583/599        0G    0.0144   0.01052         0   0.02492         6       640         1         1     0.996    0.8982  0.006658  0.002751         0
   584/599        0G   0.01507   0.01004         0   0.02511         7       640         1         1     0.996    0.9017  0.006959  0.002725         0
   585/599        0G    0.0155  0.009621         0   0.02512         3       640         1         1     0.996    0.8998  0.006569  0.002741         0
   586/599        0G   0.01476   0.01002         0   0.02478         6       640         1         1     0.996    0.9015  0.006561  0.002751         0
   587/599        0G   0.01493   0.00959         0   0.02452         3       640         1         1     0.996    0.8893  0.006719  0.002825         0
   588/599        0G   0.01537  0.009241         0   0.02461         2       640         1         1     0.996    0.8887  0.006717  0.002824         0
   589/599        0G   0.01473  0.008684         0   0.02342         6       640         1         1     0.996    0.8895  0.006606  0.002801         0
   590/599        0G   0.01364  0.008508         0   0.02215         4       640         1         1     0.996    0.8867  0.006702  0.002809         0
   591/599        0G   0.01518  0.009003         0   0.02418         5       640         1         1     0.996    0.8867  0.006702  0.002809         0
   592/599        0G   0.01319  0.008231         0   0.02142         6       640         1         1     0.996    0.8603  0.007656  0.002877         0
   593/599        0G    0.0149   0.00924         0   0.02414         6       640         1         1     0.996    0.8378  0.008216  0.002947         0
   594/599        0G   0.01557  0.008793         0   0.02436         4       640         1         1     0.996    0.8519  0.008022  0.002949         0
   595/599        0G   0.01621  0.008533         0   0.02474         5       640         1         1     0.996    0.8783  0.007576  0.003003         0
   596/599        0G   0.01285  0.009121         0   0.02197         4       640         1         1     0.996     0.889  0.007305  0.003023         0
   597/599        0G   0.01238  0.008035         0   0.02041         6       640         1         1    0.9961    0.8856  0.007188  0.002964         0
   598/599        0G   0.01344  0.008305         0   0.02174         3       640         1         1    0.9961    0.8821  0.006799   0.00294         0
   599/599        0G   0.01168   0.00839         0   0.02007         2       640         1         1    0.9962    0.8961  0.006664  0.002912         0
