     0/599        0G   0.08314   0.03288   0.05523    0.1712         4       640         0         0         0         0   0.04874   0.02086   0.03746
     1/599        0G   0.06802   0.03212   0.05314    0.1533         3       640 0.0003656   0.03291 3.655e-05 9.967e-06    0.0519   0.07504   0.04922
     2/599        0G    0.0658   0.03051   0.05461    0.1509         2       640  0.000204    0.0223 1.405e-05 2.463e-06   0.05414   0.01817   0.04873
     3/599        0G   0.06164   0.03084   0.05366    0.1461         1       640 0.0008108  0.003836 7.147e-05 1.421e-05   0.04064   0.01798   0.03716
     4/599        0G   0.06158   0.02964   0.05216    0.1434         0       640 0.0008249   0.01307 0.0001804 3.649e-05    0.0392   0.01756   0.03663
     5/599        0G   0.06322   0.03008   0.05288    0.1462         1       640  0.000803   0.04121 0.0001281 1.971e-05   0.03777    0.0174   0.03638
     6/599        0G    0.0605   0.02988   0.05237    0.1428         1       640  0.002058   0.02353 0.0004383 8.751e-05   0.03724   0.01729   0.03635
     7/599        0G   0.05824   0.02977   0.05093    0.1389         5       640  0.002036    0.1822  0.001135  0.000203   0.03664   0.01661   0.03591
     8/599        0G   0.05945   0.03034   0.05184    0.1416         3       640  0.005035   0.07453  0.001886 0.0003633   0.03673   0.01638   0.03559
     9/599        0G    0.0613   0.02963    0.0533    0.1442         4       640    0.4379    0.0246   0.01039  0.002428   0.03569   0.01693   0.03492
    10/599        0G   0.06059   0.02908   0.05242    0.1421         3       640     0.517   0.04379   0.01377  0.002992   0.03701   0.01557    0.0354
    11/599        0G    0.0607   0.02804    0.0517    0.1404         2       640    0.1872    0.1775   0.01448  0.003178   0.03614    0.0154   0.03503
    12/599        0G   0.05856   0.02882   0.05074    0.1381         2       640    0.6923   0.06052   0.01961  0.004207   0.03715   0.01535   0.03442
    13/599        0G   0.05865   0.02893   0.05125    0.1388         2       640    0.4349    0.1633   0.01959  0.004562   0.03409   0.01609   0.03399
    14/599        0G   0.05408   0.02923    0.0502    0.1335         4       640    0.1782    0.2873   0.01073  0.002059   0.03355   0.01774   0.03386
    15/599        0G   0.05408   0.03093    0.0502    0.1352         4       640    0.5234    0.0841   0.02017   0.00624   0.03182    0.0165   0.03344
    16/599        0G   0.04982   0.02986   0.04859    0.1283         2       640    0.0203    0.2238   0.02315  0.006249   0.03206    0.0166   0.03373
    17/599        0G   0.05077   0.03012    0.0493    0.1302         1       640    0.4483   0.09488    0.0358  0.009726   0.03089   0.01697   0.03309
    18/599        0G   0.04741   0.03099   0.04677    0.1252         2       640    0.4603    0.0812   0.04072   0.01296   0.03017   0.01636   0.03321
    19/599        0G    0.0473    0.0293   0.04746    0.1241         2       640    0.3811    0.1159   0.04765   0.01539   0.02979   0.01679   0.03277
    20/599        0G   0.04864   0.02974   0.04865     0.127         3       640   0.04948    0.2035   0.03795   0.01302   0.03067     0.017   0.03261
    21/599        0G   0.04748   0.02898   0.04815    0.1246         4       640    0.1328    0.1514   0.04225   0.01486   0.02965   0.01566   0.03328
    22/599        0G   0.04646    0.0294   0.04851    0.1244         3       640    0.1462    0.2147   0.06421   0.02068   0.02938   0.01551   0.03016
    23/599        0G   0.04551   0.03067   0.04829    0.1245         4       640     0.049    0.3888   0.07688   0.02608   0.02968   0.01554   0.02996
    24/599        0G   0.04263   0.02887   0.04537    0.1169         4       640    0.0524    0.3951   0.08795   0.03053   0.02818   0.01467   0.03125
    25/599        0G   0.04332   0.02865   0.04524    0.1172         2       640   0.09067    0.2263   0.08257   0.03056    0.0284   0.01506   0.03038
    26/599        0G   0.04261   0.02786   0.04537    0.1158         3       640    0.1046    0.3586    0.1148   0.03881   0.02703   0.01442   0.03056
    27/599        0G   0.04119   0.02713   0.04611    0.1144         5       640   0.07834    0.2548    0.0577   0.01933   0.03222   0.01423   0.03453
    28/599        0G   0.04086   0.02609   0.04683    0.1138         1       640   0.08229    0.3678     0.085   0.03473   0.02679   0.01383   0.03328
    29/599        0G   0.03826   0.02573   0.04291    0.1069         1       640    0.1819    0.3416    0.1109   0.05195   0.02541    0.0131   0.02842
    30/599        0G   0.04175   0.02701   0.04624     0.115         2       640    0.1892    0.2048   0.08885   0.03875   0.02637   0.01348   0.02912
    31/599        0G   0.03886   0.02546   0.04392    0.1082         4       640    0.1263    0.3757    0.1294   0.05527   0.02594   0.01248   0.02746
    32/599        0G   0.04038    0.0261   0.04492    0.1114         1       640    0.1018    0.2962    0.1063   0.04298   0.02737   0.01258   0.03086
    33/599        0G   0.04332   0.02695   0.04643    0.1167         4       640    0.1368    0.3995     0.152   0.07295   0.02356   0.01232   0.02794
    34/599        0G   0.03725   0.02594   0.04419    0.1074         3       640    0.2058    0.4018    0.1592    0.0715   0.02382   0.01188   0.02721
    35/599        0G   0.03798   0.02476    0.0444    0.1071         1       640    0.1259     0.411    0.1619   0.08624   0.02318   0.01191   0.02689
    36/599        0G   0.03671   0.02424   0.04253    0.1035         2       640     0.148    0.4488    0.1928   0.09551   0.02317   0.01224   0.02729
    37/599        0G   0.03609   0.02485   0.04322    0.1042         2       640    0.1592    0.4204    0.2061    0.1164   0.02217   0.01146   0.02599
    38/599        0G   0.03718   0.02457   0.04366    0.1054         4       640    0.1613    0.3983     0.197    0.1104   0.02196   0.01157   0.02558
    39/599        0G   0.03649    0.0255    0.0424    0.1044         4       640     0.532    0.2729    0.2208    0.1206   0.02261   0.01142   0.02593
    40/599        0G   0.03526   0.02331   0.04113    0.0997         3       640    0.5177    0.2871     0.221    0.1142   0.02215   0.01165   0.02597
    41/599        0G   0.03466    0.0241   0.04114   0.09991         3       640    0.1265    0.4319    0.1957    0.1007   0.02329   0.01192   0.02798
    42/599        0G   0.03724   0.02528   0.04218    0.1047         2       640    0.1546    0.5237    0.2354    0.1247   0.02212   0.01132   0.02564
    43/599        0G   0.03464   0.02361   0.03942   0.09767         1       640    0.1801     0.452    0.2313    0.1273   0.02057   0.01137     0.025
    44/599        0G   0.03409    0.0251   0.04148    0.1007         2       640    0.5568    0.2682    0.2246    0.1196   0.02203   0.01156   0.02543
    45/599        0G   0.03539   0.02407   0.04138    0.1008         1       640     0.554    0.2544    0.2153    0.0928   0.02205   0.01128   0.02511
    46/599        0G   0.03429   0.02504   0.04156    0.1009         3       640     0.354    0.3978      0.31    0.1688   0.02064   0.01096   0.02399
    47/599        0G   0.03505    0.0233   0.04127   0.09961         1       640    0.1873    0.4651    0.2718    0.1492   0.02155   0.01075   0.02288
    48/599        0G   0.03295   0.02201   0.03939   0.09435         1       640    0.3122    0.3436    0.1807   0.09316   0.02246   0.01115   0.02596
    49/599        0G   0.03617   0.02387    0.0402    0.1002         1       640    0.1658    0.4314    0.2202    0.1193   0.02236   0.01112   0.02342
    50/599        0G   0.03399   0.02273   0.03953   0.09624         2       640    0.1994    0.5332    0.3182    0.1815   0.01995   0.01072   0.02253
    51/599        0G   0.03411   0.02315   0.04009   0.09735         1       640    0.1909    0.5163     0.277    0.1548   0.02005   0.01063   0.02272
    52/599        0G   0.03425   0.02419   0.03995   0.09838         2       640    0.4668    0.3681    0.3063     0.159   0.02112   0.01034   0.02147
    53/599        0G   0.03412   0.02229   0.03936   0.09577         1       640    0.3833    0.3778    0.2791    0.1567    0.0212    0.0107   0.02147
    54/599        0G   0.03345   0.02232   0.03858   0.09434         5       640    0.4547    0.3042    0.2456    0.1294   0.02176   0.01103    0.0234
    55/599        0G   0.03335   0.02263   0.03817   0.09416         2       640    0.1737    0.5193    0.2441    0.1341   0.02142    0.0107   0.02252
    56/599        0G   0.03341   0.02281   0.03764   0.09387         3       640    0.4396    0.4073    0.3261    0.1787   0.01952   0.01035   0.02067
    57/599        0G   0.03212   0.02271   0.03765   0.09248         0       640    0.6173    0.3382    0.3512    0.2098   0.01843   0.01034   0.02115
    58/599        0G   0.03365   0.02216   0.03886   0.09467         3       640    0.3749    0.5117    0.3543    0.1931   0.01946   0.01002   0.02066
    59/599        0G   0.03172   0.02303   0.03683   0.09158         3       640    0.4154    0.4283    0.3406    0.2045   0.01906   0.01041   0.02039
    60/599        0G   0.03452   0.02257   0.03818   0.09527         1       640    0.3501    0.4376    0.3279    0.1824   0.01889   0.01039   0.02115
    61/599        0G   0.03288   0.02215    0.0373   0.09232         4       640     0.364    0.4167    0.3094    0.1716   0.01954   0.01081   0.02338
    62/599        0G   0.03365   0.02288   0.03633   0.09286         6       640    0.3432    0.4972    0.3288    0.1809   0.01909  0.009987   0.02072
    63/599        0G   0.03298   0.02251   0.03433   0.08981         4       640    0.4836    0.4318    0.3646    0.2081   0.01842   0.01024   0.01871
    64/599        0G   0.03193   0.02212   0.03601   0.09006         3       640    0.1894    0.6063    0.3508    0.1926   0.01889   0.01008   0.02005
    65/599        0G   0.03379   0.02146   0.03652   0.09178         1       640     0.614    0.3898    0.3942     0.222   0.01796   0.01003   0.01932
    66/599        0G   0.03335   0.02245   0.03521   0.09101         5       640    0.4688    0.4085    0.3676    0.2141   0.01894   0.01011   0.01946
    67/599        0G   0.03358   0.02301   0.03772   0.09431         5       640    0.4893    0.4513    0.3658    0.2122   0.01929    0.0101   0.01898
    68/599        0G     0.033   0.02147   0.03525   0.08972         1       640     0.435    0.4667    0.4155    0.2284   0.01897  0.009995   0.01789
    69/599        0G   0.03168   0.02209   0.03418   0.08794         5       640    0.4984    0.4485    0.4158    0.2334   0.01894   0.01031   0.01789
    70/599        0G   0.03159   0.02133   0.03466   0.08758         5       640    0.5511    0.4359    0.4113     0.239   0.01811  0.009721   0.01777
    71/599        0G   0.03027   0.02097   0.03286   0.08409         3       640    0.5716    0.4574    0.4654    0.2636   0.01758  0.009502   0.01593
    72/599        0G   0.03082   0.02121   0.03354   0.08557         2       640    0.4958    0.5289     0.451    0.2692   0.01804  0.009554   0.01552
    73/599        0G   0.03219   0.02183   0.03533   0.08934         2       640    0.4733    0.5047      0.43     0.255   0.01798  0.009559   0.01609
    74/599        0G   0.03148   0.02227   0.03432   0.08808         4       640     0.409     0.499    0.3813    0.2128   0.01825  0.009784   0.01786
    75/599        0G   0.03053   0.02071   0.03226    0.0835         1       640    0.4247    0.6469    0.5012    0.2932   0.01827  0.009405    0.0161
    76/599        0G   0.03105   0.02166    0.0324   0.08511         2       640    0.4356    0.5679    0.4849    0.2617   0.01878  0.009292   0.01607
    77/599        0G   0.02997   0.02064   0.03427   0.08489         3       640    0.5236     0.549    0.5233    0.2953   0.01849   0.00923   0.01518
    78/599        0G    0.0317   0.02201   0.03287   0.08657         4       640    0.5235    0.5296    0.5004     0.292    0.0178  0.009399    0.0144
    79/599        0G   0.03181    0.0212   0.03155   0.08455         2       640    0.5739    0.5028    0.5017    0.2869    0.0185  0.009121   0.01416
    80/599        0G   0.03235    0.0212   0.03212   0.08567         5       640    0.5505    0.5385      0.51    0.2943   0.01762  0.009028   0.01438
    81/599        0G   0.03121   0.02002   0.03327    0.0845         2       640    0.5757    0.4803     0.528    0.3148    0.0175  0.009563   0.01552
    82/599        0G   0.03087   0.02134   0.03145   0.08367         5       640    0.5913    0.5084    0.5441    0.3347   0.01768  0.009124   0.01451
    83/599        0G   0.03029    0.0212   0.03166   0.08315         3       640    0.5679    0.5825    0.5532    0.3271   0.01768  0.009254   0.01447
    84/599        0G   0.03164   0.02149   0.03166   0.08479         3       640    0.5205    0.5905    0.5527    0.3253   0.01728  0.009279   0.01379
    85/599        0G    0.0321     0.021   0.03022   0.08333         3       640    0.5131    0.5973    0.5605    0.3111   0.01848  0.009001   0.01306
    86/599        0G   0.03097   0.02082   0.03063   0.08241         2       640    0.5631    0.5919     0.585    0.3445   0.01684  0.009103   0.01269
    87/599        0G   0.03197   0.02138   0.03168   0.08503         2       640    0.5727    0.5576    0.5539    0.3283   0.01805   0.00953   0.01286
    88/599        0G   0.02945   0.02032   0.03054   0.08031         3       640    0.5665     0.594    0.5794    0.3489   0.01773  0.009484    0.0132
    89/599        0G   0.02891   0.02031   0.02987   0.07908         2       640    0.6017    0.5477    0.5822    0.3579   0.01758  0.009071   0.01197
    90/599        0G   0.02883   0.01979    0.0283   0.07693         4       640    0.6332    0.5356    0.5836     0.326   0.01748  0.008987   0.01231
    91/599        0G    0.0321   0.02065   0.02992   0.08267         4       640    0.5733    0.5918    0.6146    0.3774   0.01734  0.008828   0.01211
    92/599        0G   0.03001   0.02047   0.03036   0.08084         2       640    0.3847    0.6614     0.523    0.3007   0.01881   0.00924   0.01386
    93/599        0G   0.03077   0.02094   0.03161   0.08332         3       640    0.7312    0.5379    0.6378    0.3922   0.01638  0.008979   0.01171
    94/599        0G    0.0302   0.01978   0.02975   0.07973         4       640    0.6117    0.5944    0.6313    0.3792   0.01727  0.008908   0.01146
    95/599        0G   0.03342   0.02118   0.02947   0.08407         3       640    0.6444    0.5962    0.6438     0.381   0.01752  0.008935   0.01161
    96/599        0G   0.03127    0.0197   0.02849   0.07946         2       640    0.5386    0.6891    0.6237    0.3763   0.01766  0.008659   0.01128
    97/599        0G   0.03115   0.02067   0.02887   0.08069         3       640    0.6266    0.5857    0.6209    0.3759   0.01703   0.00884   0.01029
    98/599        0G   0.02954   0.02085   0.02917   0.07956         1       640    0.6515    0.5883    0.6352    0.3679    0.0175  0.008972   0.01019
    99/599        0G   0.03001   0.02086   0.03005   0.08093         2       640     0.695    0.5931    0.6742     0.408   0.01707  0.008589   0.01063
   100/599        0G   0.02878   0.01987   0.02573   0.07438         5       640    0.7656    0.5923    0.7183    0.4331   0.01694  0.008738  0.009696
   101/599        0G   0.03063   0.02122   0.02472   0.07657         4       640    0.5986    0.6005    0.6185    0.3539   0.01936  0.008869  0.009266
   102/599        0G   0.03098   0.02128   0.02652   0.07878         3       640    0.6914    0.6045    0.7048    0.4396   0.01706  0.008489  0.009081
   103/599        0G   0.02934   0.02073   0.02713    0.0772         1       640    0.6344    0.6123    0.6603    0.3948   0.01662  0.008447  0.009575
   104/599        0G   0.03035    0.0197   0.02675    0.0768         3       640    0.7134    0.6398    0.7259    0.4444   0.01694  0.008659  0.008811
   105/599        0G    0.0322   0.02057   0.02638   0.07915         1       640    0.6449    0.6482    0.6929    0.4216   0.01732  0.008526  0.009358
   106/599        0G   0.03051   0.02086   0.02678   0.07815         2       640     0.675    0.6431    0.6941    0.4024   0.01785  0.008708  0.009464
   107/599        0G   0.02976   0.01937   0.02536   0.07449         6       640    0.6801    0.6276    0.7021    0.4188   0.01776  0.008537  0.008557
   108/599        0G   0.02972   0.02139   0.02604   0.07715         4       640    0.7616    0.5884    0.7047    0.4219   0.01657   0.00884  0.009082
   109/599        0G   0.03019   0.02036   0.02612   0.07667         2       640    0.7035    0.5864     0.686    0.4044   0.01668  0.008525  0.008896
   110/599        0G    0.0308   0.02068   0.02644   0.07792         3       640     0.711    0.5779    0.7023    0.4385   0.01635  0.008605   0.00856
   111/599        0G   0.02839   0.01886   0.02408   0.07133         2       640    0.6286     0.662    0.6794     0.404    0.0168  0.008575   0.00838
   112/599        0G   0.02999   0.02066   0.02543   0.07608         1       640    0.5151    0.7468    0.6826    0.4112   0.01754  0.008643  0.007846
   113/599        0G   0.03067   0.02024   0.02675   0.07765         3       640    0.5786    0.7214    0.7364     0.456   0.01625  0.008468  0.008009
   114/599        0G   0.02875   0.02017   0.02443   0.07336         2       640    0.6838    0.6443    0.7194    0.4401   0.01677  0.008529  0.008126
   115/599        0G   0.02865   0.02048   0.02487     0.074         1       640    0.6812    0.6786    0.7309     0.446   0.01692  0.008227  0.007694
   116/599        0G    0.0295   0.02047   0.02482   0.07479         3       640    0.5679    0.7459    0.7087    0.4362   0.01624   0.00827  0.007775
   117/599        0G   0.02802   0.01967   0.02543   0.07312         3       640    0.7332    0.6857    0.7663    0.4651   0.01615   0.00861   0.00715
   118/599        0G   0.02927   0.01955   0.02585   0.07467         4       640    0.7009    0.6967    0.7631    0.4761   0.01634  0.008066  0.006808
   119/599        0G   0.02766   0.01905   0.02526   0.07198         3       640     0.575    0.7078    0.7074    0.4282   0.01717   0.00837   0.01265
   120/599        0G   0.02782    0.0195   0.02477   0.07208         2       640    0.6533    0.7132    0.7357    0.4429   0.01733  0.008337  0.008867
   121/599        0G   0.03009   0.01966   0.02589   0.07565         3       640    0.6674    0.7561    0.7707    0.4854   0.01677  0.008108  0.006802
   122/599        0G   0.02818   0.02002   0.02458   0.07277         3       640    0.6732    0.7331    0.7681    0.4773    0.0156  0.008344  0.006893
   123/599        0G   0.02774    0.0191    0.0239   0.07074         1       640    0.7043    0.7635    0.7939    0.4855   0.01676  0.008039  0.006108
   124/599        0G   0.02975   0.01998   0.02417   0.07389         2       640     0.682    0.6879    0.7504    0.4715    0.0169  0.008652  0.005984
   125/599        0G   0.02741    0.0195   0.02281   0.06972         0       640     0.725    0.7095    0.7785    0.4929   0.01571  0.008092  0.006097
   126/599        0G   0.02824   0.02008   0.02276   0.07108         3       640    0.6776    0.7381    0.7742    0.4789   0.01606  0.008131  0.005702
   127/599        0G    0.0269   0.01912   0.02065   0.06666         3       640    0.6854    0.7838    0.8048    0.5142   0.01571  0.007945  0.005613
   128/599        0G   0.02927   0.01918    0.0221   0.07055         2       640    0.6341    0.7276    0.7577    0.4648   0.01669  0.008661  0.006835
   129/599        0G   0.02744   0.01887   0.02378   0.07009         1       640    0.6609    0.6891    0.7275     0.451   0.01674  0.008551  0.006657
   130/599        0G    0.0287   0.01913   0.02256   0.07039         3       640    0.7124    0.7673    0.8007    0.4932   0.01589  0.008168  0.006324
   131/599        0G   0.02843   0.01915   0.02289   0.07048         3       640    0.7172    0.8112    0.8221    0.5245   0.01578   0.00791  0.005346
   132/599        0G    0.0274   0.01933   0.02383   0.07056         1       640    0.7732    0.7281    0.8116    0.5264   0.01627  0.008011  0.005836
   133/599        0G   0.02764   0.01888   0.02189   0.06842         1       640    0.7301    0.6945    0.7797    0.4908    0.0163  0.008505  0.005784
   134/599        0G   0.02862   0.01996   0.02262    0.0712         6       640    0.7254    0.7727     0.815    0.5214   0.01524  0.007889  0.005098
   135/599        0G   0.02763   0.01957   0.02297   0.07017         1       640    0.6996    0.7861    0.8087    0.5245   0.01514  0.007924  0.006046
   136/599        0G   0.02862   0.01927   0.02357   0.07145         4       640    0.7606    0.7475    0.8212     0.529   0.01476  0.008055  0.004835
   137/599        0G   0.02907   0.01907   0.02404   0.07218         1       640     0.739    0.7539    0.8027    0.4971   0.01664  0.008243  0.005605
   138/599        0G   0.02906   0.01977   0.02206    0.0709         5       640    0.7374    0.8197     0.841     0.545   0.01488  0.007779  0.005099
   139/599        0G   0.02816   0.01858   0.02215   0.06889         2       640    0.7418    0.8179    0.8336    0.5321   0.01488  0.007635  0.005017
   140/599        0G    0.0287   0.01948   0.02173    0.0699         0       640     0.818    0.7368    0.8431    0.5438   0.01507  0.007967  0.005107
   141/599        0G   0.02995   0.01984   0.02208   0.07187         4       640    0.7611    0.8079    0.8444    0.5393   0.01518   0.00803    0.0048
   142/599        0G   0.02671   0.01834   0.02145   0.06651         3       640     0.801    0.7316    0.8218    0.5226   0.01487  0.007891  0.005339
   143/599        0G   0.02733   0.01898   0.02066   0.06698         2       640    0.7392     0.761    0.8045    0.5264   0.01529  0.007751  0.004673
   144/599        0G   0.02728   0.01866   0.02266    0.0686         3       640     0.741    0.8097    0.8295    0.5415   0.01462  0.007794  0.004568
   145/599        0G   0.02811   0.01976   0.02146   0.06934         2       640    0.7087    0.8038    0.8086    0.5376    0.0153  0.007721   0.00469
   146/599        0G   0.02766   0.01944   0.01969   0.06679         1       640    0.7093    0.7744    0.8074    0.5384   0.01586  0.008069  0.005134
   147/599        0G   0.02887   0.01959   0.02105   0.06951         1       640    0.7853    0.7607    0.8451    0.5358   0.01653  0.007529  0.003808
   148/599        0G   0.02801   0.02046   0.01892   0.06739         2       640    0.7485    0.7351    0.8115    0.5238   0.01491  0.007756  0.004935
   149/599        0G   0.02697   0.01888   0.01844   0.06429         2       640    0.7791    0.8415     0.883    0.5704   0.01483  0.007427  0.003705
   150/599        0G   0.02785   0.01971   0.01997   0.06753         0       640    0.8171    0.7722    0.8513    0.5546   0.01423  0.007789  0.003765
   151/599        0G   0.02797   0.01903   0.01915   0.06615         4       640    0.8227    0.7832    0.8743     0.568   0.01455  0.007572   0.00319
   152/599        0G   0.02837   0.01901   0.02061     0.068         3       640    0.8174    0.7803    0.8761    0.5775   0.01484  0.007621  0.003611
   153/599        0G   0.02802   0.01866   0.02048   0.06716         4       640    0.7931    0.8063    0.8706    0.5774   0.01453  0.007568   0.00381
   154/599        0G   0.02984   0.01977   0.02096   0.07057         4       640    0.8259    0.8137    0.8676    0.5776   0.01445  0.007475  0.004264
   155/599        0G   0.02758   0.01843   0.01932   0.06533         3       640    0.7926    0.7731    0.8572    0.5572    0.0159  0.007587  0.003519
   156/599        0G   0.02617   0.01854   0.01772   0.06244         3       640    0.7662    0.8455    0.8507    0.5727   0.01449  0.007677  0.003963
   157/599        0G   0.02759   0.01813   0.02089    0.0666         4       640    0.7574    0.8424    0.8711    0.5702   0.01389  0.007565  0.003634
   158/599        0G    0.0277   0.01817   0.01898   0.06485         0       640    0.7483    0.8107    0.8559    0.5701   0.01444  0.007878  0.004792
   159/599        0G   0.02599   0.01807   0.01843   0.06249         2       640    0.8164    0.8179    0.8784    0.5827    0.0141  0.007512  0.003717
   160/599        0G   0.02795    0.0193   0.01925    0.0665         5       640    0.8255    0.8363    0.8889    0.5967   0.01429  0.007656  0.003411
   161/599        0G   0.02729   0.01779   0.01777   0.06285         2       640    0.7912    0.8572    0.8886    0.5862   0.01423  0.007391  0.003171
   162/599        0G   0.02666   0.01827   0.01835   0.06328         3       640    0.8028    0.8609    0.8869    0.5902   0.01393  0.007411  0.003195
   163/599        0G   0.02719   0.01908   0.01901   0.06529         2       640    0.8345    0.8312    0.9063    0.6143   0.01359  0.007137  0.003649
   164/599        0G   0.02655   0.01846   0.01792   0.06293         1       640    0.8513    0.8033     0.903    0.6014   0.01414  0.007473  0.003074
   165/599        0G   0.02609   0.01892   0.01777   0.06279         3       640    0.8114    0.8367     0.871    0.5525   0.01555  0.007759  0.003663
   166/599        0G   0.02814    0.0184   0.01742   0.06396         3       640    0.8135    0.7906     0.878    0.5724   0.01469   0.00767  0.004543
   167/599        0G   0.02736   0.01783   0.01976   0.06495         1       640    0.8756    0.8098     0.899    0.5891    0.0143  0.007348  0.002988
   168/599        0G   0.02626   0.01838   0.01768   0.06232         4       640    0.8208    0.8575    0.8935    0.5911   0.01364  0.007432  0.003069
   169/599        0G    0.0273   0.01913   0.01883   0.06526         4       640    0.8584    0.8432    0.9043    0.6142    0.0141  0.007263   0.00328
   170/599        0G   0.02711   0.01817   0.01879   0.06406         4       640    0.8296    0.9024    0.9273    0.6163   0.01432  0.007043  0.002614
   171/599        0G   0.02891   0.01872   0.01757    0.0652         3       640    0.8388    0.8898    0.9219    0.6163    0.0143  0.007011  0.002661
   172/599        0G   0.02698   0.01743   0.01747   0.06187         4       640    0.8447    0.8209    0.8861    0.5878   0.01489  0.007358  0.003252
   173/599        0G   0.02565   0.01798   0.01856   0.06219         2       640    0.8474    0.8446    0.9121    0.6309   0.01391  0.007362  0.002754
   174/599        0G   0.02782   0.01773   0.01701   0.06257         1       640    0.8412     0.864    0.9068    0.6055   0.01421  0.007406  0.002785
   175/599        0G   0.02734    0.0179   0.01671   0.06195         1       640     0.765    0.8652    0.8786     0.593   0.01451  0.007402  0.003201
   176/599        0G   0.02682   0.01803   0.01668   0.06152         4       640     0.864    0.8626    0.9237    0.6097    0.0141  0.007258  0.002496
   177/599        0G   0.02637   0.01729   0.01635   0.06001         4       640    0.8452    0.8732    0.9215    0.6188   0.01448  0.007281  0.002551
   178/599        0G   0.02609   0.01755   0.01682   0.06046         4       640    0.8482    0.9179    0.9331    0.6393   0.01332  0.007199  0.002448
   179/599        0G   0.02709   0.01811   0.01763   0.06284         3       640     0.842    0.8495    0.9201    0.6168   0.01343  0.007307  0.002582
   180/599        0G   0.02553   0.01766   0.01597   0.05916         2       640    0.8181    0.8773    0.9116    0.6075   0.01403  0.007104  0.002716
   181/599        0G   0.02633   0.01796   0.01793   0.06222         2       640    0.8233    0.9101    0.9331    0.6219    0.0131  0.007068  0.002616
   182/599        0G   0.02591   0.01826    0.0171   0.06128         1       640    0.8246    0.8679    0.9055    0.5944   0.01372  0.007384  0.002577
   183/599        0G   0.02811   0.01743   0.01782   0.06336         2       640    0.8148      0.84    0.8937    0.5853   0.01352  0.007315  0.002609
   184/599        0G   0.02742   0.01823   0.01644    0.0621         1       640    0.7805    0.9138    0.8956     0.605   0.01412  0.007159  0.002574
   185/599        0G   0.02658   0.01767   0.01737   0.06161         3       640    0.7963    0.8651    0.9033    0.5929   0.01377  0.007219  0.002574
   186/599        0G   0.02523   0.01778   0.01644   0.05946         1       640    0.8666    0.8997    0.9409    0.6388   0.01348  0.006894  0.002009
   187/599        0G   0.02606   0.01771    0.0152   0.05897         1       640    0.8366    0.8953     0.921    0.6432   0.01348   0.00717  0.002033
   188/599        0G   0.02633   0.01844   0.01611   0.06088         4       640    0.8265    0.9026     0.928    0.6375   0.01372  0.006917  0.002336
   189/599        0G    0.0259   0.01757     0.016   0.05947         2       640    0.8477    0.8739    0.9103    0.6294   0.01379    0.0072  0.002149
   190/599        0G   0.02544     0.017   0.01615    0.0586         2       640    0.8425    0.8954    0.9229    0.6312   0.01347  0.006861  0.002299
   191/599        0G   0.02749    0.0173   0.01688   0.06167         4       640    0.7897    0.9163    0.9057    0.6097   0.01401  0.007231  0.001946
   192/599        0G   0.02704   0.01847   0.01557   0.06107         1       640    0.8532    0.9205    0.9365    0.6588   0.01306  0.007021  0.001924
   193/599        0G   0.02715   0.01758   0.01515   0.05988         3       640    0.8657    0.8853    0.9198    0.6337    0.0134  0.007111    0.0022
   194/599        0G   0.02675   0.01802   0.01506   0.05983         3       640    0.8882    0.8905    0.9382    0.6443   0.01351  0.007032  0.001679
   195/599        0G   0.02523   0.01812   0.01388   0.05722         2       640    0.8573    0.8617    0.9217    0.6375   0.01323  0.006915  0.002238
   196/599        0G   0.02579   0.01714   0.01632   0.05925         3       640    0.8223    0.8834    0.9028    0.6153   0.01345  0.006968  0.002211
   197/599        0G   0.02705   0.01789   0.01654   0.06147         1       640     0.837    0.8959    0.9406    0.6378   0.01403  0.006993  0.002118
   198/599        0G   0.02721   0.01757   0.01458   0.05936         3       640    0.8301    0.9079    0.9283    0.6424   0.01376  0.006987  0.001985
   199/599        0G   0.02592   0.01811   0.01457    0.0586         4       640    0.8343    0.8714    0.9051    0.6333   0.01337  0.007322  0.001997
   200/599        0G   0.02693   0.01791   0.01461   0.05946         3       640    0.8551    0.8986    0.9253    0.6466   0.01392  0.007037  0.002035
   201/599        0G   0.02625   0.01752   0.01505   0.05882         4       640    0.8594    0.8784    0.9177    0.6465   0.01409   0.00699  0.001911
   202/599        0G   0.02639   0.01762   0.01533   0.05934         2       640     0.855    0.9061    0.9366    0.6679   0.01267  0.006729  0.001858
   203/599        0G   0.02687   0.01814    0.0153   0.06031         2       640    0.8975    0.8651    0.9347    0.6401   0.01313  0.006775  0.002116
   204/599        0G   0.02551   0.01787   0.01388   0.05726         4       640    0.8494    0.8918    0.9299    0.6502   0.01379  0.006824  0.001841
   205/599        0G   0.02618   0.01679   0.01593    0.0589         4       640    0.8568    0.9078    0.9279    0.6471   0.01356  0.006691   0.00171
   206/599        0G    0.0248   0.01749    0.0156   0.05789         3       640     0.877     0.891     0.922    0.6371   0.01309  0.006991  0.001618
   207/599        0G   0.02601   0.01781   0.01465   0.05847         0       640    0.8341    0.9023     0.917    0.6511   0.01265  0.007342  0.001549
   208/599        0G    0.0253   0.01771   0.01447   0.05747         1       640    0.8713    0.9155    0.9522    0.6636   0.01269  0.007001  0.001727
   209/599        0G   0.02629   0.01846   0.01506   0.05981         4       640    0.8497    0.9332    0.9449    0.6701   0.01296  0.006698  0.001622
   210/599        0G    0.0246   0.01692   0.01388    0.0554         3       640    0.8822    0.9039    0.9378    0.6634   0.01271  0.006976  0.001442
   211/599        0G    0.0269   0.01776   0.01523   0.05988         2       640    0.8749    0.9222    0.9434    0.6643   0.01257  0.006916  0.001216
   212/599        0G   0.02557   0.01721   0.01338   0.05616         3       640    0.8729    0.9188     0.948    0.6695   0.01291  0.006812  0.001382
   213/599        0G   0.02552   0.01712    0.0148   0.05744         4       640     0.901    0.8837    0.9484    0.6648   0.01264  0.006997   0.00125
   214/599        0G   0.02545   0.01792   0.01482   0.05819         2       640    0.8598    0.9341    0.9372    0.6534   0.01284  0.006711  0.001553
   215/599        0G   0.02591   0.01708   0.01503   0.05803         1       640    0.8528    0.9477    0.9471    0.6632   0.01308  0.006862  0.001475
   216/599        0G   0.02437   0.01695   0.01399   0.05531         2       640    0.8608    0.9452    0.9464    0.6652   0.01292  0.006699  0.001295
   217/599        0G   0.02673   0.01755   0.01401   0.05829         3       640    0.9149     0.931    0.9545    0.6803   0.01257   0.00676  0.001202
   218/599        0G   0.02465   0.01629   0.01428   0.05523         3       640    0.8847    0.9243    0.9437    0.6667   0.01285  0.006723  0.001534
   219/599        0G   0.02557   0.01694   0.01369    0.0562         1       640    0.9106    0.9191    0.9503    0.6774   0.01251  0.006605  0.001272
   220/599        0G   0.02516   0.01633   0.01271    0.0542         1       640    0.8883    0.9277    0.9541    0.6797   0.01253  0.006615  0.001163
   221/599        0G   0.02539   0.01828   0.01361   0.05728         1       640    0.8457    0.9446    0.9318    0.6627   0.01261  0.006735   0.00132
   222/599        0G   0.02579   0.01722   0.01549    0.0585         2       640    0.8918    0.9629    0.9616    0.6967   0.01294  0.006582  0.001253
   223/599        0G   0.02637   0.01744   0.01415   0.05796         1       640     0.887    0.9097    0.9513    0.6724   0.01277  0.006746  0.001387
   224/599        0G   0.02376    0.0173   0.01307   0.05413         2       640    0.8955    0.9341    0.9654    0.7009   0.01252  0.006516  0.001328
   225/599        0G   0.02658   0.01768    0.0148   0.05906         3       640    0.8871    0.9279    0.9583    0.6908   0.01239  0.006529  0.001454
   226/599        0G   0.02653   0.01729   0.01277   0.05659         2       640    0.9086    0.8894    0.9606    0.6924   0.01217  0.006517  0.001324
   227/599        0G   0.02532   0.01676   0.01375   0.05582         1       640    0.8846    0.9314    0.9375    0.6442   0.01283  0.006457  0.001171
   228/599        0G   0.02491   0.01733   0.01337   0.05561         1       640    0.9087    0.9215    0.9529    0.6663   0.01246   0.00664  0.001346
   229/599        0G   0.02489   0.01633   0.01404   0.05525         2       640     0.888    0.9436    0.9558    0.6985    0.0119  0.006407  0.001152
   230/599        0G   0.02545   0.01692   0.01318   0.05554         1       640    0.8735    0.9147    0.9531    0.6835    0.0128  0.006449  0.001159
   231/599        0G   0.02355   0.01603   0.01446   0.05405         2       640    0.8886    0.9613    0.9594    0.6871   0.01239   0.00643  0.001442
   232/599        0G   0.02557    0.0168   0.01422   0.05658         3       640    0.9128    0.9265    0.9522    0.6808   0.01245  0.006453  0.001458
   233/599        0G   0.02401   0.01683   0.01331   0.05415         4       640    0.8899    0.9163    0.9512    0.6793   0.01255  0.006479  0.001476
   234/599        0G   0.02507   0.01621   0.01359   0.05486         2       640    0.8918    0.9313    0.9515    0.6879   0.01207  0.006464  0.001334
   235/599        0G   0.02645   0.01794   0.01396   0.05835         4       640    0.8469    0.9521    0.9561    0.6657   0.01251  0.006378  0.001384
   236/599        0G    0.0248   0.01692   0.01267    0.0544         4       640    0.8883    0.9492    0.9704     0.705     0.012  0.006214  0.001311
   237/599        0G   0.02542   0.01646   0.01289   0.05477         3       640    0.8975    0.9544     0.968    0.6928   0.01208  0.006372  0.001144
   238/599        0G   0.02375   0.01678   0.01361   0.05414         4       640    0.8957    0.9647    0.9744    0.7045   0.01161  0.006286  0.001236
   239/599        0G   0.02418   0.01681    0.0147    0.0557         1       640    0.9076    0.9523    0.9622    0.6958   0.01302  0.006261 0.0009202
   240/599        0G   0.02557   0.01735   0.01321   0.05613         1       640    0.9193    0.9421    0.9682    0.7053   0.01193  0.006163  0.001356
   241/599        0G   0.02384   0.01614   0.01272    0.0527         2       640    0.8928    0.9313    0.9592    0.7033   0.01213  0.006302  0.001255
   242/599        0G   0.02419   0.01692   0.01125   0.05235         4       640    0.8677    0.9399    0.9476    0.6494   0.01281  0.006728  0.001355
   243/599        0G   0.02472   0.01651   0.01243   0.05365         4       640    0.9057    0.9402    0.9597    0.6835   0.01228   0.00634  0.001364
   244/599        0G   0.02517    0.0175   0.01402    0.0567         2       640    0.8639    0.9608     0.953    0.6791   0.01202  0.006647  0.001033
   245/599        0G   0.02457   0.01635   0.01208   0.05299         1       640    0.9192    0.9639    0.9674    0.7049   0.01196  0.006316  0.001078
   246/599        0G   0.02516    0.0167   0.01247   0.05433         1       640    0.9084    0.9633     0.971    0.7184   0.01162   0.00635 0.0009048
   247/599        0G   0.02326   0.01651   0.01164   0.05141         3       640    0.9015    0.9534    0.9611    0.7121   0.01192  0.006466  0.000956
   248/599        0G   0.02415    0.0167   0.01283   0.05369         3       640    0.9335    0.9307    0.9696    0.7111   0.01193  0.006506 0.0007654
   249/599        0G   0.02522   0.01661   0.01208    0.0539         2       640    0.8928    0.9599    0.9708    0.7088   0.01164  0.006221 0.0009333
   250/599        0G   0.02502   0.01659   0.01241   0.05401         3       640    0.8844    0.9518    0.9648     0.701   0.01178  0.006455 0.0009736
   251/599        0G   0.02403   0.01657   0.01379   0.05438         2       640    0.9067    0.9632    0.9709    0.7234   0.01136  0.006099  0.001019
   252/599        0G   0.02384   0.01649   0.01039   0.05072         4       640    0.8888    0.9663     0.968    0.7154   0.01112  0.006082  0.001024
   253/599        0G   0.02294   0.01677   0.01067   0.05039         4       640    0.9238    0.9402    0.9747    0.7059   0.01163  0.006241 0.0008561
   254/599        0G   0.02425   0.01637   0.01223   0.05285         4       640    0.9083    0.9629    0.9758     0.714   0.01176  0.006061 0.0008116
   255/599        0G   0.02417   0.01595   0.01145   0.05156         2       640    0.9251    0.9685    0.9777    0.7319   0.01203  0.006067 0.0006884
   256/599        0G   0.02436   0.01678   0.01377   0.05491         1       640    0.9195    0.9623    0.9756    0.7236   0.01155  0.006109 0.0009768
   257/599        0G    0.0251   0.01728   0.01143   0.05381         6       640     0.915      0.97    0.9761    0.7074   0.01172  0.006093  0.001194
   258/599        0G   0.02399   0.01631   0.01146   0.05176         1       640    0.9201    0.9558    0.9742    0.7205    0.0115  0.006281  0.001051
   259/599        0G   0.02373   0.01691   0.01334   0.05398         4       640    0.9146    0.9459    0.9744    0.7238   0.01125  0.006294  0.001035
   260/599        0G   0.02453   0.01664   0.01275   0.05391         1       640    0.9038    0.9524    0.9738    0.7268   0.01072  0.005979 0.0009617
   261/599        0G   0.02305   0.01631   0.01275   0.05211         2       640    0.9405    0.9419    0.9735    0.7176   0.01104  0.006113 0.0007402
   262/599        0G   0.02355    0.0165   0.01163   0.05168         2       640    0.9135    0.9581    0.9709    0.7337   0.01102  0.006105 0.0007806
   263/599        0G   0.02325   0.01608  0.009942   0.04927         1       640     0.908    0.9676    0.9756    0.7091   0.01129   0.00594 0.0007267
   264/599        0G   0.02249   0.01537   0.01073   0.04859         1       640    0.9154    0.9589    0.9705    0.7214   0.01107  0.005966 0.0007501
   265/599        0G   0.02481   0.01651   0.01178    0.0531         3       640    0.9244    0.9384    0.9695    0.7286   0.01101  0.005955  0.001069
   266/599        0G   0.02308   0.01611   0.01035   0.04954         3       640    0.9434     0.945    0.9745    0.7352   0.01126  0.005877  0.000803
   267/599        0G   0.02373    0.0157   0.01125   0.05068         5       640    0.9372    0.9655    0.9816    0.7345   0.01064  0.006012 0.0006317
   268/599        0G   0.02541   0.01649   0.01066   0.05257         1       640    0.9369    0.9625    0.9798    0.7177   0.01129  0.005995 0.0008148
   269/599        0G   0.02337   0.01583  0.009162   0.04836         3       640    0.9343    0.9724    0.9799    0.7392   0.01117  0.005877 0.0007314
   270/599        0G   0.02309   0.01589   0.01108   0.05006         1       640    0.9351    0.9489    0.9741    0.7156   0.01104  0.006002  0.001043
   271/599        0G   0.02412    0.0162   0.01095   0.05127         2       640    0.9394    0.9633     0.977    0.7267   0.01106  0.005879 0.0007191
   272/599        0G    0.0236   0.01657   0.01089   0.05106         5       640    0.9249    0.9697    0.9796    0.7197   0.01197  0.006048 0.0008395
   273/599        0G   0.02553   0.01681   0.01205   0.05439         4       640    0.9042    0.9732      0.97    0.7036   0.01179   0.00611 0.0007396
   274/599        0G    0.0218   0.01501  0.009475   0.04629         4       640    0.9116    0.9612    0.9763    0.7161   0.01174  0.006025 0.0008289
   275/599        0G   0.02162    0.0147   0.01048    0.0468         1       640    0.9334    0.9597    0.9807    0.7388   0.01131  0.005885 0.0007288
   276/599        0G   0.02351   0.01574   0.01066   0.04991         2       640      0.93    0.9585    0.9745    0.7399   0.01078  0.005904 0.0007245
   277/599        0G    0.0236   0.01582   0.01122   0.05064         3       640    0.9099     0.969    0.9762    0.7354   0.01091  0.005934 0.0007841
   278/599        0G   0.02477   0.01613   0.01131   0.05221         2       640    0.9536    0.9551    0.9774    0.7271   0.01093  0.005963 0.0007422
   279/599        0G   0.02433   0.01579   0.01123   0.05134         2       640    0.9474    0.9664    0.9782    0.7194   0.01117  0.005799 0.0006476
   280/599        0G   0.02327   0.01573   0.01176   0.05076         2       640    0.9439    0.9627    0.9818    0.7433   0.01059  0.005873 0.0006425
   281/599        0G   0.02362    0.0155   0.01047   0.04958         5       640    0.9555    0.9596    0.9845    0.7519   0.01078  0.005735   0.00076
   282/599        0G   0.02315   0.01556   0.01132   0.05003         2       640    0.9324    0.9538     0.984    0.7469   0.01083  0.005866 0.0007683
   283/599        0G   0.02188   0.01483  0.009839   0.04654         1       640    0.9292    0.9603    0.9802    0.7475   0.01074  0.005861  0.000697
   284/599        0G   0.02462   0.01603   0.01122   0.05188         1       640    0.9352     0.972    0.9787    0.7467   0.01039  0.005717 0.0006264
   285/599        0G   0.02303   0.01587   0.01105   0.04995         5       640    0.9269    0.9618    0.9779    0.7473   0.01056  0.005817  0.000653
   286/599        0G   0.02356   0.01509   0.01007   0.04872         3       640    0.9137     0.951    0.9723    0.7343   0.01045  0.005767 0.0008207
   287/599        0G   0.02102   0.01515   0.01066   0.04684         2       640      0.92    0.9641    0.9763    0.7493   0.01042   0.00577 0.0007461
   288/599        0G   0.02388   0.01586    0.0102   0.04994         2       640    0.9246    0.9741    0.9777    0.7437   0.01083   0.00568 0.0006462
   289/599        0G   0.02199   0.01554  0.009508   0.04704         0       640    0.9196    0.9678     0.974    0.7378   0.01055  0.005869 0.0005498
   290/599        0G   0.02223   0.01501  0.009078   0.04631         4       640    0.8998    0.9584    0.9568    0.7357   0.01084  0.005836 0.0005205
   291/599        0G   0.02212    0.0153  0.009818   0.04724         3       640    0.9222    0.9741    0.9829    0.7541   0.01015  0.005807 0.0005418
   292/599        0G   0.02145   0.01546  0.009134   0.04605         3       640    0.9235    0.9674    0.9819    0.7414   0.01073   0.00585 0.0005945
   293/599        0G   0.02364    0.0164   0.01115   0.05119         4       640    0.9188    0.9816    0.9769    0.7471   0.01056  0.005867 0.0005137
   294/599        0G   0.02395   0.01612   0.01021   0.05029         4       640    0.9399    0.9601    0.9844    0.7487   0.01052  0.005833  0.000541
   295/599        0G    0.0218   0.01516   0.01112   0.04809         2       640    0.9476    0.9683    0.9853    0.7763   0.01021  0.005668 0.0005701
   296/599        0G   0.02202   0.01557  0.009699   0.04729         1       640    0.9552    0.9675    0.9863     0.761   0.01024  0.005627 0.0005352
   297/599        0G   0.02336   0.01638   0.01062   0.05037         3       640    0.9465    0.9714    0.9854    0.7704   0.01052  0.005586 0.0005539
   298/599        0G    0.0223   0.01526   0.01084    0.0484         2       640    0.9564    0.9633    0.9863    0.7537    0.0107  0.005601 0.0005427
   299/599        0G   0.02235   0.01605   0.00983   0.04824         2       640    0.9556    0.9714    0.9871    0.7615   0.01041  0.005617 0.0005478
   300/599        0G    0.0229   0.01573  0.009604   0.04823         3       640     0.954    0.9637    0.9856    0.7493    0.0104  0.005767 0.0005471
   301/599        0G   0.02201   0.01615  0.009207   0.04737         3       640    0.9571    0.9608    0.9873    0.7545   0.01025  0.005609 0.0006147
   302/599        0G   0.02381   0.01549  0.008259   0.04756         5       640    0.9439    0.9876    0.9907    0.7623   0.01062  0.005469 0.0005308
   303/599        0G    0.0229    0.0154  0.009712   0.04801         3       640    0.9631    0.9653    0.9884    0.7584   0.01036  0.005509  0.000541
   304/599        0G   0.02252   0.01561  0.008111   0.04624         3       640    0.9632    0.9627    0.9841    0.7446    0.0105  0.005515 0.0005563
   305/599        0G   0.02217   0.01545  0.009611   0.04724         3       640    0.9446    0.9758    0.9872    0.7689   0.01052  0.005419 0.0005668
   306/599        0G   0.02223    0.0152  0.008065    0.0455         2       640    0.9727    0.9481    0.9858    0.7638   0.01045  0.005588 0.0005836
   307/599        0G   0.02181   0.01603     0.009   0.04684         1       640    0.9428    0.9523    0.9812    0.7519   0.01029   0.00565 0.0004818
   308/599        0G     0.023   0.01587  0.009729    0.0486         4       640    0.9199    0.9778    0.9805    0.7477   0.01032  0.005591 0.0005122
   309/599        0G   0.02344   0.01496  0.008178   0.04658         0       640    0.9408    0.9685    0.9826     0.756   0.01028  0.005503 0.0005117
   310/599        0G   0.02284   0.01602  0.009692   0.04856         2       640     0.937    0.9677    0.9843    0.7542   0.01024  0.005454 0.0005502
   311/599        0G   0.02235   0.01579  0.008819   0.04695         0       640    0.9415    0.9825    0.9881    0.7704    0.0101  0.005356 0.0004816
   312/599        0G   0.02155   0.01525  0.009687   0.04649         2       640      0.96    0.9727    0.9891    0.7752   0.01005   0.00527 0.0004478
   313/599        0G    0.0224   0.01485  0.007984   0.04524         1       640    0.9345    0.9649    0.9843    0.7696  0.009899  0.005408 0.0005327
   314/599        0G   0.02337   0.01506  0.007658   0.04609         1       640    0.9426    0.9747     0.988    0.7784  0.009987  0.005385 0.0004172
   315/599        0G   0.02301   0.01555  0.009439     0.048         4       640    0.9414    0.9746    0.9867    0.7783  0.009991  0.005296 0.0005533
   316/599        0G   0.02185   0.01639  0.008224   0.04647         4       640    0.9734    0.9502    0.9875    0.7668  0.009929  0.005352  0.000627
   317/599        0G   0.02127    0.0153   0.00937   0.04593         4       640    0.9577     0.958    0.9873    0.7619  0.009691  0.005433  0.000546
   318/599        0G   0.02139   0.01508  0.009598   0.04607         2       640    0.9424    0.9768    0.9878    0.7757  0.009667  0.005407 0.0004856
   319/599        0G    0.0215   0.01516  0.009554   0.04621         2       640    0.9546    0.9785    0.9884     0.768  0.009705  0.005296 0.0004136
   320/599        0G   0.02232     0.015   0.00865   0.04597         1       640    0.9336    0.9833    0.9887    0.7623   0.01003  0.005158 0.0004985
   321/599        0G   0.02213   0.01547  0.009123   0.04673         3       640    0.9382     0.968     0.984    0.7708  0.009841  0.005171 0.0005737
   322/599        0G   0.02228   0.01556  0.009285   0.04712         2       640    0.9177    0.9809    0.9797    0.7608   0.01008  0.005433 0.0006905
   323/599        0G   0.02202   0.01513  0.009729   0.04688         3       640    0.9488     0.983    0.9867    0.7658    0.0098   0.00546 0.0005698
   324/599        0G   0.02272   0.01603    0.0092   0.04795         3       640    0.9494    0.9789    0.9892    0.7716  0.009734  0.005422 0.0006078
   325/599        0G   0.02218   0.01545  0.009087   0.04672         3       640    0.9654    0.9795    0.9912    0.7746  0.009601  0.005245 0.0005004
   326/599        0G   0.02142    0.0149  0.009892   0.04622         3       640    0.9605    0.9745    0.9905    0.7798  0.009809  0.005299 0.0005079
   327/599        0G    0.0219    0.0152  0.008878   0.04597         0       640    0.9479     0.971    0.9867    0.7842  0.009606  0.005392 0.0005165
   328/599        0G    0.0218   0.01534   0.00845   0.04559         3       640    0.9437    0.9727    0.9847     0.772  0.009545  0.005282 0.0004822
   329/599        0G   0.02368   0.01487  0.009438   0.04799         4       640     0.961    0.9897     0.991    0.7727   0.00988  0.005213  0.000464
   330/599        0G   0.02194   0.01496  0.009125   0.04603         3       640    0.9591    0.9789     0.989    0.7774  0.009436  0.005422 0.0004326
   331/599        0G   0.02236   0.01559   0.01025    0.0482         5       640    0.9701    0.9602    0.9909    0.7754  0.009587  0.005325 0.0004186
   332/599        0G    0.0206   0.01485  0.008477   0.04393         3       640    0.9634    0.9778    0.9896    0.7734  0.009574  0.005264 0.0004173
   333/599        0G   0.02292   0.01536  0.007966   0.04625         2       640    0.9587    0.9801    0.9894    0.7715   0.01006  0.005286 0.0004115
   334/599        0G   0.02111    0.0145  0.009482   0.04509         3       640     0.954    0.9748    0.9874     0.788  0.009443  0.005228 0.0004049
   335/599        0G   0.02136   0.01527  0.009437   0.04607         2       640    0.9565    0.9833    0.9901    0.7881  0.009365  0.005272 0.0004556
   336/599        0G   0.02069   0.01386   0.00733   0.04188         2       640    0.9729    0.9765    0.9902    0.7858  0.009735   0.00513 0.0005555
   337/599        0G   0.02173   0.01522  0.008915   0.04587         4       640    0.9673     0.977    0.9911    0.7807   0.00974  0.005175 0.0005237
   338/599        0G   0.02243   0.01532  0.008119   0.04587         3       640    0.9521     0.979    0.9871    0.7655  0.009574  0.005337 0.0004621
   339/599        0G   0.02171   0.01445  0.009746    0.0459         2       640    0.9558    0.9802    0.9888     0.776  0.009745   0.00536 0.0004607
   340/599        0G   0.02237   0.01507  0.008752    0.0462         1       640    0.9698    0.9549    0.9893    0.7747  0.009878   0.00519 0.0005775
   341/599        0G   0.02136   0.01534  0.008586   0.04529         4       640    0.9788    0.9646    0.9904    0.7793  0.009451   0.00517 0.0005165
   342/599        0G   0.02133   0.01469  0.008286   0.04431         1       640    0.9676    0.9607    0.9906    0.7801  0.009207  0.005144 0.0005677
   343/599        0G   0.02083   0.01492  0.008148    0.0439         2       640    0.9464    0.9793    0.9899     0.783  0.009403  0.005063 0.0004959
   344/599        0G   0.02182   0.01406  0.009013   0.04489         4       640    0.9657    0.9791    0.9906    0.8015  0.009284  0.005009 0.0004696
   345/599        0G   0.02168   0.01442   0.00755   0.04365         3       640    0.9641    0.9784    0.9887     0.788  0.009284  0.005197 0.0004829
   346/599        0G    0.0219   0.01478   0.01046   0.04714         4       640    0.9546    0.9816    0.9904     0.779  0.009652  0.005353 0.0004974
   347/599        0G   0.02046   0.01446  0.009082     0.044         3       640    0.9543    0.9708    0.9887    0.7926  0.009584  0.005238 0.0004909
   348/599        0G   0.02233   0.01523  0.008748    0.0463         3       640    0.9649    0.9658    0.9891    0.7857  0.009373  0.005115 0.0004787
   349/599        0G   0.02224   0.01446  0.007918   0.04461         1       640    0.9453    0.9853    0.9892    0.7834  0.009763  0.005115 0.0004632
   350/599        0G   0.02103   0.01423  0.007322   0.04259         2       640    0.9497    0.9813    0.9884    0.7974  0.009637  0.005007 0.0003532
   351/599        0G   0.02057   0.01437  0.007628   0.04257         1       640    0.9627    0.9753    0.9862    0.7925  0.009282   0.00501 0.0003344
   352/599        0G   0.02029   0.01444  0.008139   0.04287         1       640     0.975    0.9711    0.9888    0.7918  0.009397   0.00501 0.0003565
   353/599        0G   0.02125   0.01513  0.007888   0.04427         1       640    0.9722     0.975    0.9911    0.8018  0.009028  0.005032 0.0003574
   354/599        0G   0.02086   0.01491  0.007661   0.04344         4       640    0.9633    0.9809    0.9916    0.8042  0.009085     0.005  0.000371
   355/599        0G   0.02045   0.01408  0.008424   0.04295         1       640    0.9662    0.9827    0.9919    0.8081  0.008944  0.004983 0.0004099
   356/599        0G   0.02088   0.01396  0.007912   0.04276         1       640    0.9676    0.9797    0.9938    0.8012   0.00894  0.004999 0.0004227
   357/599        0G   0.02115   0.01479  0.008543   0.04448         1       640    0.9643    0.9815    0.9936    0.8035  0.009227  0.004963 0.0004125
   358/599        0G   0.02213   0.01442  0.007301   0.04385         4       640    0.9668    0.9928    0.9943     0.803  0.009174  0.005001 0.0003126
   359/599        0G   0.02116   0.01485  0.008179   0.04419         4       640    0.9633    0.9858     0.992     0.801   0.00925  0.005021 0.0003313
   360/599        0G   0.01977   0.01429  0.007261   0.04132         4       640    0.9642    0.9766    0.9921    0.7903  0.009041  0.005029 0.0003973
   361/599        0G   0.02139   0.01455  0.008606   0.04455         4       640    0.9682    0.9832    0.9934    0.8038  0.009079  0.004874 0.0003897
   362/599        0G   0.01985   0.01405  0.007214   0.04111         4       640    0.9755    0.9748    0.9931    0.8114  0.008924  0.004825 0.0003176
   363/599        0G   0.02044   0.01428  0.006746   0.04147         3       640    0.9665    0.9869    0.9931    0.7971  0.008909   0.00495 0.0003499
   364/599        0G   0.02035   0.01425  0.007433   0.04202         1       640    0.9689    0.9799    0.9925    0.8049  0.008663   0.00489 0.0003484
   365/599        0G   0.02006   0.01493  0.008681   0.04367         4       640     0.966     0.983    0.9928    0.8072   0.00893  0.004901 0.0003386
   366/599        0G   0.02147   0.01469  0.008108   0.04427         3       640    0.9599    0.9706    0.9909    0.7995  0.009097  0.004901 0.0003022
   367/599        0G   0.02077   0.01464  0.008286   0.04369         1       640    0.9653    0.9888     0.993    0.8014  0.008975  0.004918 0.0003022
   368/599        0G   0.02004   0.01419  0.008034   0.04226         2       640    0.9654    0.9849    0.9933    0.8004   0.00903  0.004879 0.0004109
   369/599        0G   0.02018   0.01424  0.006626   0.04104         5       640    0.9741    0.9824    0.9926    0.8027  0.008843  0.004908 0.0003962
   370/599        0G   0.02238   0.01451  0.007586   0.04448         4       640    0.9685     0.989    0.9923    0.7999  0.008614  0.004901  0.000346
   371/599        0G   0.02077   0.01495  0.007227   0.04295         3       640    0.9687    0.9926    0.9927    0.8119  0.008388  0.004873 0.0003615
   372/599        0G   0.02044   0.01349  0.007291   0.04122         1       640    0.9743    0.9813    0.9926    0.8097  0.008783  0.004946 0.0003765
   373/599        0G   0.01982    0.0141  0.007502   0.04143         0       640    0.9539    0.9823    0.9896    0.7962  0.008993  0.005124 0.0003583
   374/599        0G     0.021    0.0139  0.007402   0.04231         3       640    0.9619    0.9904    0.9912    0.8015  0.008913  0.004948 0.0003559
   375/599        0G   0.02095   0.01414  0.008101   0.04319         1       640    0.9708    0.9883    0.9923    0.8086  0.008578  0.004905 0.0004679
   376/599        0G   0.02034   0.01514  0.007121   0.04261         1       640    0.9709    0.9816    0.9926    0.8094  0.008564  0.004983 0.0004549
   377/599        0G   0.02098   0.01396  0.006789   0.04173         3       640    0.9795    0.9772     0.993    0.8084  0.008657  0.004985 0.0003181
   378/599        0G   0.02086    0.0144  0.007137    0.0424         2       640    0.9827    0.9769    0.9936    0.8096  0.008919  0.004929  0.000362
   379/599        0G   0.02089   0.01437  0.007329    0.0426         2       640    0.9697    0.9707    0.9919    0.8068  0.008793  0.004955 0.0003199
   380/599        0G   0.02162   0.01389  0.007987   0.04349         1       640    0.9741    0.9771    0.9917    0.8137  0.008717  0.004813  0.000287
   381/599        0G   0.02039   0.01486  0.006745     0.042         2       640     0.973    0.9805    0.9914    0.8014  0.008894  0.004797 0.0002949
   382/599        0G   0.02178   0.01447  0.006721   0.04296         3       640    0.9735    0.9842    0.9913    0.7937  0.008995  0.004779 0.0003214
   383/599        0G   0.02092   0.01401  0.007417   0.04235         2       640    0.9713    0.9807    0.9915    0.8103  0.008551  0.004744 0.0003081
   384/599        0G   0.02002   0.01453  0.007288   0.04184         3       640    0.9763    0.9761    0.9934    0.8145  0.008421  0.004783 0.0003038
   385/599        0G    0.0199   0.01338  0.007265   0.04054         3       640    0.9723    0.9795    0.9929    0.8111  0.008676  0.004789 0.0003915
   386/599        0G   0.02021   0.01411  0.007655   0.04198         8       640    0.9796    0.9734    0.9934    0.8178  0.008499  0.004717 0.0004279
   387/599        0G   0.02031   0.01436  0.007877   0.04255         4       640    0.9705     0.981     0.992    0.8146  0.008549  0.004801 0.0004456
   388/599        0G   0.01918    0.0142  0.008142   0.04152         3       640    0.9813    0.9701    0.9939    0.8147  0.008451  0.004751 0.0003864
   389/599        0G   0.01967   0.01391  0.005896   0.03948         1       640    0.9667    0.9862    0.9931    0.8186  0.008413  0.004706 0.0003578
   390/599        0G   0.02012   0.01401  0.007151   0.04128         1       640    0.9659    0.9817    0.9924    0.8152  0.008681  0.004737 0.0003184
   391/599        0G   0.01889    0.0141   0.00581    0.0388         0       640    0.9828    0.9629     0.992    0.8043  0.008777  0.004757 0.0003596
   392/599        0G   0.01909   0.01342   0.00649     0.039         4       640    0.9526    0.9732    0.9888    0.8078  0.008926   0.00488 0.0005552
   393/599        0G    0.0201   0.01443  0.007824   0.04236         3       640    0.9558    0.9829    0.9901    0.8164  0.008389  0.004736 0.0004511
   394/599        0G   0.01986   0.01378  0.008127   0.04177         1       640    0.9582    0.9952    0.9937    0.8224  0.008308  0.004594   0.00037
   395/599        0G   0.01983   0.01386   0.00625   0.03994         2       640    0.9843    0.9828    0.9946    0.8227  0.008306  0.004602 0.0002972
   396/599        0G   0.01966   0.01436  0.008276   0.04229         4       640    0.9761    0.9942    0.9946    0.8198  0.008414  0.004676 0.0002848
   397/599        0G   0.01932   0.01355  0.005865   0.03873         2       640     0.978    0.9818     0.994    0.8167  0.008511  0.004818 0.0003318
   398/599        0G   0.01949    0.0131  0.007137   0.03973         2       640    0.9661    0.9889    0.9933     0.819  0.008436  0.004748 0.0002792
   399/599        0G    0.0206   0.01452  0.006996   0.04211         4       640    0.9637    0.9956    0.9902    0.8103  0.008398  0.004756  0.000276
   400/599        0G   0.01932   0.01336   0.00652    0.0392         1       640    0.9818    0.9854    0.9931    0.8212  0.008396  0.004654 0.0003223
   401/599        0G   0.02047   0.01347  0.007872   0.04181         1       640    0.9779    0.9896    0.9935    0.8202  0.008123  0.004607 0.0003369
   402/599        0G   0.02079   0.01381  0.007392   0.04198         3       640    0.9789    0.9873    0.9941     0.805  0.008108  0.004729 0.0003938
   403/599        0G   0.02022   0.01438  0.006468   0.04107         1       640    0.9801    0.9833    0.9948    0.8165  0.008118  0.004693 0.0003715
   404/599        0G   0.01946   0.01388  0.006974   0.04031         2       640    0.9778    0.9875    0.9947     0.825  0.008069  0.004682 0.0003052
   405/599        0G   0.02042   0.01385  0.007171   0.04145         5       640    0.9593    0.9955    0.9938    0.8218  0.008296  0.004655 0.0002918
   406/599        0G   0.01948   0.01312  0.007045   0.03964         1       640    0.9779    0.9798    0.9938    0.8193  0.008324    0.0047 0.0002586
   407/599        0G   0.01901   0.01331  0.005922   0.03824         3       640    0.9717    0.9863    0.9935    0.8196  0.008261  0.004743 0.0002579
   408/599        0G   0.01836   0.01386  0.005627   0.03784         3       640    0.9787    0.9823    0.9933      0.82  0.008256  0.004717 0.0002727
   409/599        0G   0.02087   0.01395  0.006785    0.0416         1       640    0.9683    0.9876    0.9924    0.8192  0.008412  0.004648 0.0002944
   410/599        0G   0.01995   0.01408  0.006444   0.04047         2       640    0.9526    0.9907    0.9896    0.8238  0.008104  0.004643 0.0003308
   411/599        0G   0.01939   0.01377  0.007085   0.04025         1       640    0.9591    0.9868    0.9893    0.8254  0.007972  0.004633 0.0003714
   412/599        0G    0.0195   0.01364  0.006664    0.0398         2       640    0.9764     0.979    0.9919    0.8247  0.008093  0.004597 0.0003402
   413/599        0G   0.01897   0.01396  0.006212   0.03915         2       640    0.9624    0.9944    0.9933    0.8278  0.007878  0.004571 0.0002697
   414/599        0G   0.01972   0.01369  0.006387    0.0398         3       640     0.974    0.9884    0.9933    0.8276  0.007882  0.004662 0.0002507
   415/599        0G    0.0187   0.01407  0.005978   0.03875         2       640    0.9742    0.9848    0.9937    0.8253  0.007907  0.004645 0.0002683
   416/599        0G   0.02003   0.01398  0.006891    0.0409         3       640     0.974    0.9924    0.9929    0.8254  0.007712  0.004673 0.0002658
   417/599        0G   0.02036   0.01386  0.007685    0.0419         1       640    0.9671    0.9862    0.9914    0.8215  0.007679  0.004723 0.0002757
   418/599        0G    0.0201   0.01476   0.00597   0.04082         4       640    0.9592    0.9896    0.9905    0.8214    0.0078  0.004597 0.0002811
   419/599        0G   0.01892   0.01322   0.00625   0.03839         2       640     0.957    0.9874    0.9913    0.8246  0.008036  0.004592  0.000256
   420/599        0G    0.0203   0.01383  0.005743   0.03987         1       640    0.9668    0.9903    0.9921    0.8339  0.008002  0.004618 0.0002451
   421/599        0G   0.01928   0.01437  0.006213   0.03987         2       640    0.9675    0.9882    0.9938    0.8345  0.007815  0.004693 0.0002352
   422/599        0G   0.02041   0.01333  0.006643   0.04038         5       640    0.9684    0.9923    0.9945    0.8378  0.007618  0.004556 0.0002304
   423/599        0G   0.01962   0.01346  0.006304   0.03938         2       640    0.9652    0.9948    0.9938    0.8279  0.007938  0.004605 0.0002394
   424/599        0G   0.01843   0.01379  0.005856   0.03807         1       640    0.9642    0.9943    0.9927    0.8293  0.007745  0.004557 0.0002771
   425/599        0G   0.01892   0.01366  0.005588   0.03817         3       640    0.9692    0.9955    0.9936    0.8306  0.007921  0.004476 0.0002247
   426/599        0G   0.01874   0.01337  0.006551   0.03867         2       640    0.9809    0.9911     0.995    0.8305  0.007753  0.004478 0.0002093
   427/599        0G   0.01872   0.01353  0.006361   0.03862         1       640    0.9863    0.9915    0.9944    0.8323  0.007614  0.004568 0.0002032
   428/599        0G   0.01889   0.01347  0.006059   0.03842         2       640    0.9809    0.9865    0.9946     0.832  0.007766  0.004578 0.0001972
   429/599        0G   0.01903   0.01302  0.005794   0.03784         3       640    0.9802    0.9807    0.9949    0.8385  0.008058  0.004471  0.000218
   430/599        0G   0.01892   0.01379  0.005544   0.03826         1       640    0.9879    0.9821    0.9942     0.841  0.007865  0.004492 0.0002167
   431/599        0G   0.01837   0.01371   0.00567   0.03775         4       640    0.9882    0.9846    0.9945    0.8403  0.007891  0.004435 0.0002174
   432/599        0G   0.01939   0.01363  0.005597   0.03861         1       640    0.9901    0.9786    0.9945     0.838  0.007773  0.004437 0.0002313
   433/599        0G   0.01825   0.01363  0.005759   0.03764         2       640    0.9866     0.987    0.9949    0.8513  0.007526  0.004336 0.0002314
   434/599        0G   0.02045   0.01349  0.005444   0.03939         3       640    0.9824    0.9885    0.9947    0.8436  0.007547  0.004362 0.0002199
   435/599        0G   0.01936   0.01312  0.005612    0.0381         1       640    0.9713    0.9928    0.9935    0.8412  0.007537  0.004375  0.000228
   436/599        0G    0.0195   0.01345  0.005522   0.03848         4       640    0.9778    0.9901    0.9944    0.8434  0.007447  0.004378 0.0002313
   437/599        0G   0.01887   0.01372  0.005988   0.03858         1       640    0.9818    0.9875    0.9947    0.8461  0.007465   0.00441 0.0002332
   438/599        0G   0.01921   0.01321  0.005876    0.0383         2       640    0.9774    0.9898    0.9942    0.8437  0.007453  0.004484 0.0002326
   439/599        0G   0.02054   0.01279  0.006592   0.03992         3       640    0.9807    0.9863    0.9942    0.8356  0.007699  0.004595 0.0002435
   440/599        0G   0.01762   0.01309   0.00584   0.03655         1       640    0.9881    0.9858    0.9938    0.8387  0.007571  0.004469  0.000269
   441/599        0G   0.01972   0.01313  0.007146      0.04         0       640    0.9837    0.9855    0.9937    0.8422  0.007781  0.004369  0.000258
   442/599        0G    0.0189   0.01346  0.005618   0.03798         5       640    0.9757    0.9867    0.9934    0.8337  0.007857  0.004394 0.0003001
   443/599        0G   0.01823   0.01315  0.005579   0.03696         2       640    0.9737    0.9863    0.9935    0.8294  0.007712  0.004324 0.0003038
   444/599        0G   0.01849    0.0129  0.006441   0.03783         1       640    0.9705    0.9874    0.9941    0.8345  0.007496  0.004323 0.0002989
   445/599        0G   0.01897    0.0135  0.007144   0.03961         2       640    0.9604    0.9908    0.9937    0.8326  0.007539  0.004369 0.0003005
   446/599        0G    0.0182   0.01291  0.005778   0.03689         2       640      0.97    0.9897    0.9937    0.8282  0.007681  0.004404 0.0002431
   447/599        0G   0.01856   0.01347  0.005566    0.0376         1       640    0.9666    0.9906    0.9927    0.8342   0.00757  0.004407 0.0002174
   448/599        0G   0.01895   0.01307  0.006018   0.03804         3       640    0.9783    0.9795    0.9924    0.8361  0.007537  0.004466 0.0002246
   449/599        0G   0.01908   0.01389  0.005494   0.03846         2       640    0.9694    0.9917    0.9928    0.8376  0.007397  0.004486 0.0002798
   450/599        0G   0.01963   0.01357  0.006486   0.03969         3       640    0.9768    0.9867    0.9927    0.8366  0.007601  0.004502 0.0002733
   451/599        0G    0.0182   0.01373  0.005904   0.03783         1       640    0.9732    0.9937    0.9931    0.8427  0.007489  0.004413 0.0002383
   452/599        0G   0.01777    0.0128  0.005854   0.03643         4       640    0.9727      0.98    0.9937    0.8417   0.00758  0.004431 0.0002763
   453/599        0G   0.01919   0.01336   0.00717   0.03972         1       640    0.9847    0.9732    0.9938    0.8337   0.00783  0.004428 0.0002565
   454/599        0G   0.01916   0.01367  0.006913   0.03975         2       640     0.978    0.9921    0.9946    0.8359  0.007704  0.004345 0.0002481
   455/599        0G   0.01904   0.01282  0.005606   0.03746         0       640    0.9743    0.9947    0.9946    0.8386  0.007544  0.004329 0.0002385
   456/599        0G   0.01799   0.01324  0.005722   0.03695         4       640    0.9676    0.9906    0.9945    0.8412  0.007341  0.004267  0.000253
   457/599        0G   0.01778   0.01336  0.005218   0.03636         3       640    0.9624    0.9917    0.9939    0.8361  0.007224  0.004273 0.0002481
   458/599        0G   0.01847   0.01301  0.005472   0.03695         1       640    0.9711    0.9901    0.9944    0.8356  0.007353  0.004289 0.0001978
   459/599        0G    0.0186   0.01281  0.005063   0.03647         1       640    0.9634    0.9967    0.9947    0.8368  0.007539  0.004349 0.0001811
   460/599        0G   0.01825   0.01284  0.005771   0.03686         1       640    0.9763    0.9866    0.9943    0.8351  0.007453  0.004362 0.0001818
   461/599        0G   0.01881   0.01337  0.005304   0.03748         7       640    0.9713    0.9882    0.9933    0.8413  0.007358   0.00438 0.0001943
   462/599        0G   0.01805   0.01302  0.005478   0.03654         2       640    0.9687    0.9971    0.9929    0.8452  0.007039  0.004238 0.0002043
   463/599        0G   0.01849   0.01232  0.006468   0.03728         2       640    0.9777    0.9877     0.993    0.8422  0.007295  0.004332 0.0002086
   464/599        0G   0.01869   0.01342  0.005312   0.03742         2       640    0.9778    0.9924    0.9942    0.8437  0.007473  0.004217 0.0002305
   465/599        0G   0.01844   0.01332  0.006132    0.0379         1       640    0.9754    0.9962    0.9948    0.8445  0.007447  0.004288 0.0002268
   466/599        0G   0.01831   0.01332  0.007024   0.03865         4       640    0.9743    0.9948     0.995    0.8497  0.007314   0.00434 0.0002159
   467/599        0G    0.0171   0.01338  0.005627    0.0361         3       640    0.9781    0.9889    0.9946    0.8534  0.007121  0.004321 0.0002363
   468/599        0G   0.01874   0.01291  0.004888   0.03654         1       640    0.9789    0.9858    0.9944    0.8437  0.007418  0.004348 0.0002397
   469/599        0G   0.01757   0.01254  0.005254   0.03537         4       640    0.9778    0.9863    0.9941    0.8442  0.007174  0.004287 0.0002492
   470/599        0G   0.01911   0.01319  0.006299    0.0386         3       640    0.9773    0.9856    0.9934    0.8422  0.007345  0.004358 0.0002379
   471/599        0G    0.0177   0.01179  0.005172   0.03466         3       640    0.9718    0.9967    0.9937    0.8442   0.00748   0.00431 0.0002255
   472/599        0G   0.01996   0.01333  0.006202   0.03949         3       640    0.9732    0.9943     0.994    0.8426  0.007389  0.004325 0.0002502
   473/599        0G   0.01823   0.01286   0.00596   0.03705         6       640    0.9808    0.9764    0.9935    0.8506  0.007149  0.004278 0.0003382
   474/599        0G   0.01908   0.01362  0.006487    0.0392         4       640    0.9893    0.9771     0.994    0.8496  0.007135  0.004237 0.0002431
   475/599        0G   0.01897   0.01313  0.004389   0.03649         5       640    0.9833    0.9777     0.994     0.844  0.007322  0.004331 0.0002558
   476/599        0G   0.01853   0.01293  0.005911   0.03736         2       640    0.9693    0.9981    0.9947    0.8471  0.007291  0.004304 0.0002355
   477/599        0G   0.01767    0.0124   0.00548   0.03554         3       640    0.9799    0.9904    0.9933    0.8538  0.007119  0.004301 0.0002194
   478/599        0G   0.01748   0.01266  0.004989   0.03513         1       640    0.9756    0.9867     0.994    0.8492  0.007174  0.004274 0.0002207
   479/599        0G   0.01742   0.01262  0.005147   0.03518         2       640    0.9711    0.9932    0.9947    0.8495  0.006997   0.00427 0.0002024
   480/599        0G   0.01866   0.01329   0.00629   0.03824         1       640    0.9777    0.9923    0.9948    0.8498  0.007026  0.004242  0.000195
   481/599        0G   0.01917   0.01256  0.005618   0.03735         1       640     0.985    0.9868    0.9948    0.8521  0.007082  0.004228 0.0001952
   482/599        0G   0.01849   0.01227  0.005581   0.03634         1       640    0.9757    0.9894    0.9947    0.8594  0.006913  0.004154 0.0001819
   483/599        0G   0.01678   0.01212  0.005304    0.0342         1       640     0.975    0.9936    0.9952    0.8656  0.006829  0.004099 0.0001773
   484/599        0G   0.01733   0.01278  0.004572   0.03468         3       640    0.9794    0.9916    0.9949    0.8559  0.006871  0.004172 0.0001993
   485/599        0G   0.01745   0.01297  0.004642   0.03505         2       640    0.9815    0.9916    0.9942    0.8486  0.006948  0.004211  0.000224
   486/599        0G   0.01858   0.01293  0.005746   0.03725         2       640    0.9841    0.9901    0.9943    0.8469  0.007178  0.004204 0.0002134
   487/599        0G   0.01825   0.01291  0.005852   0.03701         4       640    0.9847    0.9872    0.9944    0.8445  0.007122  0.004243 0.0001989
   488/599        0G   0.01725   0.01324   0.00582   0.03631         2       640    0.9784    0.9934    0.9949    0.8524  0.007117  0.004221  0.000201
   489/599        0G   0.01833   0.01304  0.004565   0.03594         2       640    0.9819    0.9917    0.9951    0.8591  0.006877  0.004159 0.0002199
   490/599        0G   0.01805   0.01302  0.004865   0.03594         5       640    0.9791     0.995    0.9948    0.8554  0.006897  0.004144 0.0002021
   491/599        0G   0.01829   0.01279  0.004757   0.03584         2       640    0.9839    0.9886    0.9948    0.8538  0.007022  0.004147  0.000172
   492/599        0G    0.0186   0.01299  0.007095   0.03869         3       640    0.9796    0.9881    0.9943    0.8509  0.007155   0.00419 0.0001595
   493/599        0G   0.01724    0.0125  0.005115   0.03486         4       640    0.9775    0.9888    0.9946    0.8584  0.006924  0.004181 0.0001724
   494/599        0G   0.01786   0.01264   0.00448   0.03499         2       640    0.9736    0.9921    0.9944    0.8591   0.00691  0.004124  0.000173
   495/599        0G   0.01744   0.01291  0.004505   0.03486         2       640    0.9723    0.9932    0.9947    0.8656  0.006802  0.004114  0.000174
   496/599        0G   0.01744   0.01305  0.004494   0.03499         5       640    0.9817    0.9881    0.9945    0.8627   0.00683  0.004102 0.0001777
   497/599        0G   0.01745   0.01269  0.005806   0.03595         3       640    0.9856     0.988    0.9943    0.8594  0.006757  0.004121 0.0001688
   498/599        0G   0.01672   0.01208  0.004011   0.03281         7       640    0.9834    0.9904    0.9948    0.8566  0.006933  0.004184 0.0001615
   499/599        0G   0.01756   0.01253  0.004596   0.03468         4       640    0.9797    0.9941    0.9949    0.8552   0.00689  0.004117 0.0001677
   500/599        0G    0.0175    0.0125  0.004209   0.03421         3       640      0.98    0.9891     0.995    0.8566  0.006948  0.004102 0.0001619
   501/599        0G   0.01808   0.01251  0.005886   0.03647         2       640    0.9828    0.9913     0.995     0.865  0.007079   0.00403 0.0001642
   502/599        0G   0.01776   0.01287  0.004668   0.03529         4       640     0.983    0.9918    0.9951    0.8638  0.007099  0.003978 0.0001615
   503/599        0G   0.01771   0.01279  0.004557   0.03505         4       640    0.9922    0.9852     0.995    0.8613  0.007119  0.003988 0.0001563
   504/599        0G   0.01727   0.01212  0.003592   0.03298         1       640    0.9841    0.9942    0.9952    0.8639  0.006907  0.004063 0.0001452
   505/599        0G   0.01744   0.01251  0.004927   0.03487         1       640    0.9814    0.9949    0.9949    0.8613  0.006951  0.004041 0.0001516
   506/599        0G   0.01698   0.01288  0.003988   0.03385         1       640    0.9895    0.9915    0.9949    0.8628  0.006813  0.004011 0.0001652
   507/599        0G   0.01719   0.01297  0.005572   0.03574         1       640    0.9851    0.9907    0.9947     0.867  0.006702  0.004067 0.0001901
   508/599        0G   0.01687   0.01212  0.004338   0.03332         3       640    0.9836    0.9918    0.9947    0.8676  0.006579  0.004004 0.0002018
   509/599        0G   0.01725   0.01237  0.004635   0.03426         1       640    0.9829    0.9886    0.9944    0.8669  0.006718  0.004002 0.0001998
   510/599        0G   0.01735   0.01192  0.006125    0.0354         1       640    0.9786     0.993     0.994    0.8649  0.006912  0.003969 0.0002035
   511/599        0G   0.01738   0.01261  0.005105   0.03509         2       640    0.9816    0.9933    0.9941    0.8601  0.006802  0.003978 0.0002153
   512/599        0G   0.01812   0.01304  0.005181   0.03634         4       640    0.9784     0.994    0.9937    0.8603  0.006844  0.004021 0.0002081
   513/599        0G   0.01711   0.01241  0.004549   0.03407         3       640    0.9875    0.9904    0.9946    0.8606  0.006811   0.00402 0.0001944
   514/599        0G   0.01637   0.01207  0.003966    0.0324         1       640    0.9887    0.9933    0.9945    0.8589  0.006756  0.004063 0.0001744
   515/599        0G   0.01737   0.01321  0.005355   0.03593         3       640     0.989    0.9916    0.9948    0.8591  0.006814  0.004048 0.0001886
   516/599        0G   0.01765   0.01232  0.004929    0.0349         2       640    0.9815    0.9987    0.9949    0.8619  0.006739  0.004019 0.0001882
   517/599        0G   0.01816   0.01255   0.00509    0.0358         3       640     0.987    0.9932    0.9951    0.8613  0.006644  0.004017 0.0001995
   518/599        0G   0.01682   0.01218  0.004345   0.03334         4       640    0.9852    0.9939    0.9953    0.8614  0.006613  0.004029 0.0001974
   519/599        0G   0.01798   0.01299  0.004452   0.03542         3       640     0.983    0.9974    0.9943    0.8593  0.006784  0.003995  0.000182
   520/599        0G   0.01638   0.01242  0.004393   0.03319         4       640    0.9882    0.9926    0.9942    0.8603  0.006762  0.003961 0.0001759
   521/599        0G   0.01693   0.01191   0.00468   0.03352         4       640    0.9892    0.9926    0.9951     0.864  0.006634  0.003973 0.0001596
   522/599        0G   0.01664    0.0123  0.004309   0.03325         3       640     0.987    0.9931    0.9951    0.8621  0.006545  0.003986 0.0001592
   523/599        0G   0.01728   0.01181  0.003646   0.03274         5       640    0.9868    0.9928    0.9952    0.8657  0.006607  0.003943 0.0001488
   524/599        0G    0.0164   0.01183  0.004577    0.0328         4       640    0.9823    0.9975    0.9954    0.8648  0.006563  0.003871 0.0001496
   525/599        0G    0.0179   0.01226  0.004659   0.03482         2       640     0.984    0.9988    0.9954    0.8639   0.00677  0.003867 0.0001462
   526/599        0G   0.01684   0.01185  0.003686   0.03238         2       640    0.9874     0.996    0.9952    0.8653   0.00663  0.003873 0.0001459
   527/599        0G    0.0166    0.0122   0.00446   0.03326         1       640    0.9905    0.9947    0.9953    0.8686  0.006638  0.003889 0.0001438
   528/599        0G   0.01675   0.01256  0.003688     0.033         3       640    0.9905    0.9918    0.9952    0.8655  0.006777   0.00397 0.0001423
   529/599        0G   0.01851   0.01302   0.00508   0.03661         1       640    0.9836    0.9943    0.9952    0.8661  0.006681  0.003941 0.0001482
   530/599        0G   0.01703   0.01271  0.005609   0.03534         3       640    0.9804    0.9949    0.9949    0.8666  0.006773  0.003894 0.0001483
   531/599        0G     0.018   0.01299  0.004734   0.03572         4       640    0.9766     0.997    0.9951     0.867  0.006595  0.003894 0.0001541
   532/599        0G   0.01661   0.01255  0.004589   0.03375         1       640    0.9815    0.9861    0.9949    0.8648  0.006699  0.003954  0.000164
   533/599        0G   0.01732   0.01193   0.00454   0.03379         4       640    0.9802     0.993    0.9948    0.8634  0.006646  0.003982 0.0001763
   534/599        0G   0.01694   0.01207  0.003808   0.03281         5       640    0.9795    0.9973    0.9952    0.8671  0.006534  0.003986 0.0001704
   535/599        0G   0.01668   0.01154  0.003851   0.03207         1       640    0.9883    0.9931    0.9955    0.8667  0.006558  0.003984 0.0001735
   536/599        0G   0.01716   0.01244  0.004784   0.03439         4       640    0.9889    0.9889    0.9955    0.8601   0.00679  0.004015 0.0001558
   537/599        0G   0.01723   0.01243  0.004385   0.03404         4       640    0.9807    0.9941    0.9954    0.8609  0.006871  0.004055 0.0001487
   538/599        0G   0.01638   0.01208  0.003749   0.03221         2       640    0.9874     0.992    0.9954    0.8711  0.006703   0.00396 0.0001527
   539/599        0G   0.01728   0.01247  0.004826   0.03458         4       640    0.9862    0.9958    0.9953    0.8711  0.006614  0.003901 0.0001478
   540/599        0G   0.01609    0.0121  0.004236   0.03243         1       640    0.9878    0.9947    0.9954    0.8713  0.006653  0.003864 0.0001429
   541/599        0G   0.01699   0.01206   0.00371   0.03276         3       640    0.9873    0.9947    0.9954      0.87  0.006613  0.003896 0.0001492
   542/599        0G   0.01731   0.01266  0.004299   0.03427         4       640    0.9884    0.9955    0.9952    0.8703  0.006516  0.003869 0.0001552
   543/599        0G   0.01689   0.01221  0.004647   0.03375         2       640    0.9884    0.9963    0.9952     0.875  0.006412   0.00385 0.0001498
   544/599        0G   0.01791    0.0128  0.004152   0.03486         2       640    0.9881     0.997     0.995    0.8733  0.006378  0.003846 0.0001411
   545/599        0G   0.01726   0.01237  0.004579    0.0342         4       640    0.9878    0.9959    0.9949    0.8726  0.006435  0.003811 0.0001421
   546/599        0G   0.01629   0.01205   0.00428   0.03262         3       640    0.9835    0.9941     0.995    0.8697  0.006521  0.003886  0.000159
   547/599        0G   0.01699   0.01224  0.004488   0.03372         4       640    0.9821    0.9941    0.9953    0.8697  0.006505  0.003957 0.0001615
   548/599        0G   0.01686   0.01215  0.003711   0.03272         3       640     0.983    0.9957    0.9953    0.8752  0.006504  0.003924  0.000158
   549/599        0G   0.01644   0.01227   0.00404   0.03275         1       640    0.9777    0.9973    0.9953    0.8745   0.00645  0.003916 0.0001498
   550/599        0G   0.01672   0.01171   0.00409   0.03252         4       640    0.9808    0.9987    0.9952    0.8752  0.006378  0.003887 0.0001497
   551/599        0G   0.01684   0.01213   0.00451   0.03348         3       640    0.9853    0.9986    0.9952    0.8709  0.006439  0.003832 0.0001471
   552/599        0G    0.0164   0.01212  0.004834   0.03335         3       640    0.9871    0.9986    0.9952    0.8741  0.006386  0.003824 0.0001383
   553/599        0G   0.01736   0.01215   0.00449     0.034         1       640    0.9868    0.9951     0.995    0.8737  0.006379  0.003855 0.0001379
   554/599        0G   0.01671   0.01182  0.004089   0.03262         3       640    0.9878    0.9962    0.9947    0.8767   0.00628  0.003833 0.0001416
   555/599        0G   0.01602   0.01199  0.003991     0.032         1       640    0.9874    0.9963    0.9947    0.8719  0.006376  0.003858 0.0001511
   556/599        0G   0.01683   0.01221  0.004558    0.0336         1       640    0.9849    0.9973    0.9947    0.8772  0.006316  0.003794 0.0001595
   557/599        0G   0.01704   0.01248  0.003417   0.03294         2       640    0.9821    0.9973    0.9948    0.8758  0.006299  0.003814 0.0001632
   558/599        0G   0.01751   0.01207  0.004843   0.03442         1       640    0.9923    0.9885    0.9954    0.8759  0.006299  0.003844 0.0001582
   559/599        0G   0.01715   0.01214  0.004213    0.0335         3       640    0.9908    0.9932    0.9954    0.8791  0.006277  0.003867 0.0001593
   560/599        0G   0.01631   0.01167  0.004462   0.03244         3       640    0.9927    0.9909    0.9953    0.8788  0.006244  0.003871  0.000171
   561/599        0G   0.01659   0.01206  0.004687   0.03334         2       640    0.9919    0.9917    0.9953     0.878   0.00614  0.003905 0.0001767
   562/599        0G   0.01688   0.01221  0.004658   0.03375         2       640    0.9894    0.9908    0.9953    0.8795  0.006138  0.003896 0.0001742
   563/599        0G   0.01634   0.01206  0.004153   0.03256         5       640    0.9889    0.9915    0.9955    0.8778  0.006286  0.003879 0.0001689
   564/599        0G   0.01715   0.01231  0.005275   0.03474         5       640    0.9849    0.9953    0.9955    0.8775  0.006269  0.003881 0.0001692
   565/599        0G   0.01691   0.01203  0.005229   0.03417         8       640    0.9815    0.9971    0.9952    0.8707  0.006283  0.003887 0.0001739
   566/599        0G   0.01707   0.01237  0.004824   0.03426         1       640    0.9936    0.9883    0.9955     0.871  0.006329  0.003882 0.0001716
   567/599        0G   0.01636   0.01205  0.004289    0.0327         3       640    0.9938    0.9891    0.9954    0.8687  0.006388  0.003918 0.0001562
   568/599        0G   0.01676   0.01211  0.003567   0.03244         2       640    0.9892     0.994    0.9953    0.8748  0.006414  0.003899 0.0001463
   569/599        0G   0.01663    0.0121  0.004345   0.03307         2       640    0.9848    0.9974    0.9951    0.8718  0.006372  0.003859 0.0001478
   570/599        0G   0.01746   0.01319  0.004961   0.03561         5       640    0.9867    0.9974    0.9952    0.8754  0.006386  0.003844 0.0001515
   571/599        0G   0.01627   0.01199  0.004365   0.03263         2       640    0.9862    0.9974    0.9953    0.8705  0.006449  0.003851 0.0001476
   572/599        0G    0.0173    0.0115  0.004415   0.03321         2       640    0.9852    0.9961    0.9952    0.8713  0.006483   0.00386 0.0001438
   573/599        0G   0.01667   0.01239  0.004092   0.03316         2       640    0.9854    0.9948    0.9952    0.8702  0.006534  0.003864 0.0001431
   574/599        0G   0.01615   0.01127  0.004147   0.03156         6       640    0.9826    0.9986    0.9953    0.8704  0.006483  0.003868 0.0001456
   575/599        0G   0.01641   0.01169  0.004966   0.03306         0       640      0.99    0.9956    0.9955    0.8745  0.006432  0.003831 0.0001406
   576/599        0G   0.01712    0.0122  0.004696   0.03402         2       640    0.9872    0.9984    0.9956     0.875  0.006266  0.003836 0.0001389
   577/599        0G   0.01641   0.01212  0.004202   0.03274         3       640    0.9885    0.9969    0.9956    0.8747  0.006263  0.003826  0.000149
   578/599        0G     0.017   0.01229  0.005219   0.03452         3       640    0.9897    0.9966    0.9956    0.8758  0.006317  0.003824 0.0001625
   579/599        0G   0.01672   0.01203  0.003896   0.03264         2       640    0.9896     0.997    0.9956    0.8723   0.00641  0.003867 0.0001592
   580/599        0G    0.0166   0.01193  0.004316   0.03284         1       640      0.99    0.9957    0.9955    0.8707  0.006425  0.003867 0.0001688
   581/599        0G   0.01643    0.0121  0.003995   0.03253         1       640    0.9899    0.9935    0.9954    0.8705  0.006474  0.003875 0.0001697
   582/599        0G   0.01571   0.01165  0.004866   0.03222         7       640    0.9862    0.9951    0.9954    0.8774  0.006456  0.003854 0.0001666
   583/599        0G   0.01784   0.01192  0.004727   0.03449         4       640    0.9874     0.995    0.9955    0.8776  0.006377  0.003798 0.0001677
   584/599        0G   0.01584   0.01211  0.004356    0.0323         2       640    0.9843    0.9999    0.9956    0.8781  0.006215  0.003764 0.0001612
   585/599        0G   0.01713   0.01242  0.004618   0.03417         4       640      0.99    0.9911    0.9956    0.8775  0.006358  0.003802 0.0001497
   586/599        0G   0.01621     0.012  0.004408   0.03261         2       640    0.9887    0.9914    0.9954     0.872  0.006427  0.003827 0.0001456
   587/599        0G   0.01645   0.01246  0.005013   0.03393         1       640    0.9862    0.9948    0.9954    0.8753  0.006364  0.003875 0.0001445
   588/599        0G   0.01644   0.01188  0.004057   0.03238         4       640    0.9846    0.9975    0.9955    0.8769  0.006314  0.003867 0.0001433
   589/599        0G   0.01652   0.01173  0.003695   0.03195         4       640    0.9884    0.9959    0.9956     0.877  0.006351    0.0039 0.0001379
   590/599        0G   0.01802   0.01288  0.004986   0.03588         4       640    0.9904    0.9954    0.9956    0.8791  0.006303  0.003851 0.0001343
   591/599        0G   0.01684   0.01226  0.003579   0.03269         3       640    0.9897    0.9952    0.9954     0.879  0.006242  0.003817 0.0001334
   592/599        0G   0.01734   0.01204  0.004676   0.03406         1       640     0.989    0.9941    0.9954    0.8788  0.006266  0.003815 0.0001413
   593/599        0G   0.01566   0.01181  0.003835   0.03131         1       640    0.9867    0.9948    0.9953    0.8799  0.006324  0.003823 0.0001554
   594/599        0G   0.01651   0.01224   0.00391   0.03266         9       640    0.9881    0.9917    0.9954    0.8749  0.006258  0.003804 0.0001561
   595/599        0G   0.01578   0.01159  0.003815   0.03119         1       640    0.9872     0.997    0.9955    0.8776  0.006156   0.00373  0.000154
   596/599        0G   0.01462   0.01116  0.004127   0.02991         1       640    0.9889    0.9975    0.9956    0.8814  0.006205  0.003702 0.0001481
   597/599        0G   0.01595   0.01144  0.003243   0.03063         4       640    0.9883    0.9976    0.9956    0.8809  0.006221  0.003701 0.0001424
   598/599        0G   0.01648   0.01155  0.003654   0.03168         1       640     0.989    0.9973    0.9956    0.8801  0.006245  0.003744 0.0001422
   599/599        0G   0.01734   0.01241  0.004627   0.03437         2       640    0.9888    0.9973    0.9956    0.8798  0.006203  0.003731 0.0001425
