       0/9        0G   0.02029   0.01609  0.003645   0.04003         3       640    0.9734     0.954    0.9766    0.7372  0.009975  0.006378 0.0001329
       1/9        0G   0.02383   0.01641  0.005647   0.04589         2       640    0.9588    0.9365    0.9755    0.7165   0.01061  0.006969 0.0003538
       2/9        0G   0.02242   0.01639  0.005241   0.04405         4       640    0.9652    0.9325    0.9716    0.7085   0.01067  0.007056 0.0001562
       3/9        0G   0.02051   0.01654  0.003776   0.04083         3       640      0.91    0.9667    0.9686    0.6598   0.01267   0.00666 0.0002821
       4/9        0G   0.01972   0.01516  0.002845   0.03773         4       640    0.8938    0.9526    0.9694    0.6584   0.01189  0.006985 0.0006506
       5/9        0G   0.01916   0.01504  0.003008   0.03721         1       640    0.8938    0.9526    0.9694    0.6584   0.01189  0.006985 0.0006506
       6/9        0G    0.0208   0.01536  0.004224   0.04038         1       640    0.8938    0.9526    0.9694    0.6584   0.01189  0.006985 0.0006506
       7/9        0G   0.02037   0.01481  0.003132   0.03831         3       640    0.8938    0.9526    0.9694    0.6584   0.01189  0.006985 0.0006506
       8/9        0G   0.02211   0.01631  0.003416   0.04184         1       640    0.8938    0.9526    0.9694    0.6584   0.01189  0.006985 0.0006506
       9/9        0G   0.02076   0.01594  0.003512   0.04022         1       640    0.8938    0.9526    0.9694    0.6584   0.01189  0.006985 0.0006506
