     0/399        0G   0.09447   0.03061         0    0.1251        14       640  0.004889    0.4495   0.00377 0.0004902   0.06581   0.02201         0
     1/399        0G   0.08177   0.02771         0    0.1095        15       640  0.008975    0.2294  0.007235  0.001098   0.05651   0.02207         0
     2/399        0G   0.07811   0.03154         0    0.1097        13       640   0.01804    0.2844   0.01398  0.002511   0.04319    0.0218         0
     3/399        0G   0.06565   0.03182         0   0.09747         8       640   0.05272     0.156   0.03539  0.009334   0.03721   0.02056         0
     4/399        0G   0.05793   0.03004         0   0.08797         9       640     0.156    0.1835   0.09532   0.02916   0.03187    0.0199         0
     5/399        0G   0.05094   0.03096         0    0.0819        12       640    0.2346    0.5505    0.2271    0.0769   0.02721   0.01867         0
     6/399        0G   0.04255   0.02998         0   0.07253        16       640    0.3858    0.5413    0.4395    0.1881   0.02506   0.01776         0
     7/399        0G    0.0406   0.03298         0   0.07358        12       640    0.7181    0.6239    0.6735    0.3618   0.02213   0.01642         0
     8/399        0G   0.04306   0.03214         0   0.07521        13       640    0.8153    0.6606    0.7607    0.4372   0.02072   0.01469         0
     9/399        0G   0.03522   0.02474         0   0.05995         5       640    0.8862    0.7147    0.8186    0.4616   0.01925   0.01341         0
    10/399        0G   0.04035    0.0257         0   0.06606         9       640    0.6466    0.4404    0.5312    0.2979    0.0224   0.01256         0
    11/399        0G   0.04212   0.02365         0   0.06576        22       640      0.42    0.6511    0.4684    0.1865   0.02645   0.01126         0
    12/399        0G   0.03676    0.0194         0   0.05616         9       640    0.5212    0.5413    0.4881    0.1569   0.02842   0.01002         0
    13/399        0G   0.04491    0.0214         0   0.06631        19       640    0.5388    0.5896    0.5192    0.2151   0.02535  0.009588         0
    14/399        0G   0.03444    0.0182         0   0.05264        14       640    0.8232    0.6422    0.7709    0.4807   0.02234  0.009311         0
    15/399        0G   0.04372   0.02147         0   0.06519         9       640    0.5759    0.6606     0.529    0.2588   0.02872  0.008878         0
    16/399        0G   0.03707   0.01829         0   0.05536        14       640    0.8068     0.844    0.8853    0.5371   0.01951  0.008909         0
    17/399        0G   0.04088   0.01958         0   0.06046        19       640    0.7319    0.5596    0.7128    0.4212   0.02291  0.008324         0
    18/399        0G   0.04203   0.01642         0   0.05844         9       640    0.7693    0.6118    0.7459    0.3565   0.02888  0.008151         0
    19/399        0G   0.04583   0.01964         0   0.06547        14       640    0.6473    0.7576    0.7456    0.4282   0.02517  0.007944         0
    20/399        0G   0.04029   0.01709         0   0.05738        15       640     0.932    0.8805    0.9599    0.6119   0.02139  0.007825         0
    21/399        0G   0.03911   0.01897         0   0.05808        17       640     0.787    0.5762    0.7468    0.2773   0.02765  0.007561         0
    22/399        0G    0.0369   0.01733         0   0.05424         6       640    0.8788    0.7523    0.8825    0.6268   0.01837  0.007512         0
    23/399        0G    0.0351   0.01624         0   0.05134        17       640    0.8638    0.8165    0.9034    0.4699   0.02749   0.00716         0
    24/399        0G   0.04292   0.01767         0   0.06059        15       640    0.7972    0.6854    0.7913     0.425   0.02371  0.006882         0
    25/399        0G   0.04314   0.01703         0   0.06016        18       640    0.7861     0.844    0.8943    0.6077   0.01922  0.007129         0
    26/399        0G   0.03318   0.01677         0   0.04995        13       640    0.7127    0.7982    0.7598    0.3737   0.02499  0.006312         0
    27/399        0G   0.03979   0.01476         0   0.05455        14       640    0.7338    0.7431    0.7954    0.4226   0.02785  0.006265         0
    28/399        0G   0.03855   0.01883         0   0.05738        18       640    0.9545    0.9631    0.9887    0.7196   0.02234  0.006157         0
    29/399        0G   0.03706   0.01551         0   0.05257        12       640    0.9583    0.8433    0.9445     0.339   0.02705  0.005836         0
    30/399        0G   0.04306   0.01629         0   0.05934        19       640    0.9325    0.8899    0.9606    0.6333   0.02446   0.00601         0
    31/399        0G   0.03718   0.01728         0   0.05446         9       640    0.9663    0.8257    0.9636    0.6221   0.01614  0.006159         0
    32/399        0G   0.02908   0.01534         0   0.04442        15       640    0.8374    0.8991    0.8723    0.5279   0.02154  0.005806         0
    33/399        0G   0.03718   0.01694         0   0.05412        16       640     0.739    0.7794    0.8291    0.4495   0.02694  0.005412         0
    34/399        0G   0.04197    0.0152         0   0.05717         6       640    0.7302    0.7697    0.8315    0.4206   0.02478  0.005189         0
    35/399        0G   0.03625    0.0157         0   0.05195        11       640    0.8363    0.8991    0.9441    0.6796   0.01779  0.005897         0
    36/399        0G    0.0331   0.01447         0   0.04757         9       640    0.7394    0.8349    0.8063    0.5821   0.01765  0.005028         0
    37/399        0G   0.02809   0.01296         0   0.04105         8       640    0.9122    0.9536     0.963    0.7265   0.01892  0.005114         0
    38/399        0G    0.0279   0.01488         0   0.04277        12       640     0.921    0.6418    0.8544    0.6178   0.01978   0.00525         0
    39/399        0G    0.0323   0.01414         0   0.04644        18       640    0.8184    0.7028    0.8724    0.5798   0.01815  0.005112         0
    40/399        0G   0.03806   0.01332         0   0.05138        10       640    0.9124     0.578    0.7718    0.2702   0.03019   0.00481         0
    41/399        0G   0.04165   0.01288         0   0.05453        10       640    0.9073     0.539    0.7574    0.3264    0.0289   0.00504         0
    42/399        0G   0.04389     0.015         0   0.05889        10       640    0.9053    0.6143    0.8353    0.6319   0.02636  0.005026         0
    43/399        0G   0.03782   0.01296         0   0.05079         8       640    0.8637    0.9541    0.9739    0.6859   0.02184  0.005104         0
    44/399        0G   0.03321   0.01365         0   0.04686         9       640    0.8389    0.7706    0.9127    0.5914   0.02507  0.005161         0
    45/399        0G   0.03181   0.01404         0   0.04585        16       640    0.7448    0.9908    0.9413    0.7144   0.02189  0.005057         0
    46/399        0G    0.0318   0.01216         0   0.04396        12       640    0.9358    0.9355    0.9805     0.654   0.01898  0.005257         0
    47/399        0G    0.0308   0.01397         0   0.04477        20       640    0.7605    0.9908    0.9287    0.6764   0.01811  0.005143         0
    48/399        0G   0.03676   0.01408         0   0.05084        15       640    0.8067    0.9266    0.9405    0.5491   0.01869  0.004998         0
    49/399        0G   0.03322   0.01452         0   0.04774        12       640    0.9726    0.9908    0.9873    0.7126   0.01381  0.004958         0
    50/399        0G   0.02754   0.01227         0    0.0398        12       640    0.8965    0.9541     0.974    0.6147   0.01899  0.004945         0
    51/399        0G   0.03089   0.01205         0   0.04294         9       640    0.9361     0.945    0.9776     0.723   0.01724  0.004584         0
    52/399        0G   0.02915   0.01374         0   0.04289         9       640    0.9128    0.7798    0.9108     0.611   0.02371  0.004776         0
    53/399        0G   0.03165   0.01437         0   0.04603        21       640    0.9294    0.7248    0.9092    0.7074    0.0205  0.004481         0
    54/399        0G   0.03099   0.01458         0   0.04557        11       640    0.8139     0.963    0.9462    0.5861   0.01809  0.004721         0
    55/399        0G   0.02504   0.01345         0   0.03849        11       640    0.9208    0.9633    0.9731    0.7779    0.0137  0.004504         0
    56/399        0G   0.03388   0.01581         0   0.04969        14       640    0.9366    0.6782     0.852    0.5004   0.01942   0.00465         0
    57/399        0G   0.03161   0.01159         0    0.0432        13       640    0.9718    0.6422    0.8514    0.6349   0.01618  0.004734         0
    58/399        0G    0.0296   0.01258         0   0.04219        13       640    0.7852    0.9725    0.9474    0.6306   0.01376  0.004447         0
    59/399        0G   0.02846   0.01291         0   0.04137         6       640    0.7923    0.9449    0.9422    0.6726   0.01286  0.004838         0
    60/399        0G   0.02962   0.01565         0   0.04527        22       640    0.8865    0.7878      0.92    0.6648   0.01436  0.004879         0
    61/399        0G   0.02591   0.01334         0   0.03924         9       640    0.8915    0.9817    0.9571    0.7196   0.01205   0.00487         0
    62/399        0G   0.02718   0.01259         0   0.03977        12       640    0.8583    0.9999    0.9254    0.6254   0.01614  0.004708         0
    63/399        0G   0.02408   0.01254         0   0.03662        16       640    0.8991    0.9815    0.9643    0.7119   0.01357  0.004352         0
    64/399        0G   0.02887    0.0121         0   0.04097        16       640    0.9388    0.9908    0.9872    0.7041   0.01768  0.004479         0
    65/399        0G   0.02727   0.01148         0   0.03875         9       640    0.9646         1    0.9925    0.8282   0.01404  0.004172         0
    66/399        0G   0.03127   0.01215         0   0.04342        10       640    0.9554    0.9816    0.9897    0.6626   0.01611  0.004385         0
    67/399        0G   0.02801   0.01153         0   0.03954        14       640    0.9553    0.9817    0.9898    0.8134   0.01219  0.004063         0
    68/399        0G   0.02778   0.01173         0   0.03951        12       640    0.9725    0.9722    0.9919    0.5705   0.01737  0.004138         0
    69/399        0G   0.02586   0.01238         0   0.03824        15       640         1    0.9816    0.9949    0.7263   0.01267  0.003976         0
    70/399        0G   0.02386   0.01121         0   0.03507        17       640    0.9971    0.9817    0.9948    0.7435   0.01378  0.003991         0
    71/399        0G   0.02832    0.0127         0   0.04102        11       640    0.9999    0.9908    0.9951    0.8407   0.01188  0.003863         0
    72/399        0G   0.02942   0.01033         0   0.03974        14       640    0.9908    0.9908    0.9948    0.7246   0.01468  0.003974         0
    73/399        0G   0.02406    0.0111         0   0.03515        10       640    0.9717    0.9541     0.991    0.8072   0.01252  0.004024         0
    74/399        0G   0.02401   0.01065         0   0.03466        14       640    0.9316    0.9996    0.9909    0.6276   0.01517  0.004146         0
    75/399        0G   0.02296   0.01299         0   0.03596         9       640    0.9643         1    0.9944     0.754   0.01215  0.003906         0
    76/399        0G   0.02592   0.01194         0   0.03785        12       640    0.9732    0.9998    0.9917    0.7994   0.01379  0.003931         0
    77/399        0G    0.0298   0.01173         0   0.04153        17       640    0.9008    0.9999    0.9781    0.8405   0.01142  0.003884         0
    78/399        0G    0.0266   0.01136         0   0.03796        14       640     0.854    0.9908    0.9607    0.7484   0.01154  0.003778         0
    79/399        0G   0.02354   0.01189         0   0.03543        15       640    0.9816    0.9817    0.9901    0.8179  0.009703  0.003729         0
    80/399        0G   0.02147   0.01145         0   0.03292         8       640    0.9646         1    0.9886    0.8461   0.01275  0.003495         0
    81/399        0G   0.02508    0.0115         0   0.03657        19       640    0.9908         1    0.9912    0.8201   0.01175   0.00351         0
    82/399        0G   0.02607   0.01228         0   0.03835        16       640    0.9561    0.9992    0.9861    0.7195   0.01348  0.004075         0
    83/399        0G   0.02433   0.01064         0   0.03497        12       640    0.9646         1    0.9874    0.7453   0.01179  0.004101         0
    84/399        0G   0.02304   0.01107         0   0.03411        11       640    0.9909    0.9999    0.9927     0.831   0.01016   0.00367         0
    85/399        0G   0.02109   0.01019         0   0.03127         6       640    0.9732         1    0.9926    0.8023   0.01009  0.003829         0
    86/399        0G   0.01961   0.01175         0   0.03136         9       640    0.9908    0.9908    0.9933    0.8552  0.009992  0.003694         0
    87/399        0G   0.01818   0.01094         0   0.02912         9       640     0.982         1    0.9933    0.8255  0.009332  0.003713         0
    88/399        0G   0.02509   0.01283         0   0.03792        12       640     0.982         1    0.9931    0.6758   0.01557  0.003993         0
    89/399        0G   0.02454   0.01136         0    0.0359        14       640    0.9819         1     0.993    0.8278   0.01253  0.003866         0
    90/399        0G   0.02471   0.01161         0   0.03631        12       640    0.9908    0.9908    0.9918    0.7658   0.01341  0.003817         0
    91/399        0G   0.02361   0.01073         0   0.03433        15       640    0.9908    0.9908    0.9924    0.7755   0.01281  0.003878         0
    92/399        0G   0.02396    0.0111         0   0.03506        16       640    0.9729    0.9908     0.993    0.8224   0.01097  0.003698         0
    93/399        0G   0.02038   0.01036         0   0.03074        10       640    0.9904    0.9817    0.9931    0.8355  0.009047  0.003669         0
    94/399        0G   0.02329   0.01042         0   0.03371        15       640    0.9909         1     0.994    0.7543   0.01277  0.003918         0
    95/399        0G    0.0231   0.01095         0   0.03405        10       640    0.9909         1    0.9943    0.8093   0.01064  0.003652         0
    96/399        0G   0.02356   0.01055         0   0.03411        18       640    0.9909         1    0.9951    0.7736    0.0128  0.003464         0
    97/399        0G   0.01817   0.01033         0    0.0285        10       640    0.9909         1     0.995    0.8257   0.01046   0.00338         0
    98/399        0G   0.02268   0.01075         0   0.03343        11       640    0.9909         1     0.995    0.7974   0.01065   0.00348         0
    99/399        0G   0.02211   0.01039         0    0.0325        16       640    0.9909         1    0.9945    0.8089  0.009242  0.003379         0
   100/399        0G   0.01696  0.009734         0   0.02669        10       640     0.982         1    0.9941    0.7963   0.01195  0.003459         0
   101/399        0G   0.01994   0.00941         0   0.02935         9       640    0.9909         1    0.9943    0.8335   0.00897  0.003314         0
   102/399        0G   0.01924   0.00872         0   0.02796        11       640         1         1    0.9953    0.8208   0.01056  0.003378         0
   103/399        0G   0.02272  0.009147         0   0.03186        13       640         1         1    0.9953    0.7822  0.009426   0.00335         0
   104/399        0G   0.01883  0.009754         0   0.02858         8       640         1         1    0.9953    0.8363  0.009904  0.003354         0
   105/399        0G   0.02137   0.00974         0   0.03111         9       640         1         1    0.9954    0.8609  0.008346  0.003237         0
   106/399        0G    0.0199  0.008915         0   0.02881         9       640         1         1    0.9954    0.7699  0.009732  0.003175         0
   107/399        0G   0.01873  0.009855         0   0.02859        17       640         1         1    0.9954    0.8283  0.007877  0.003105         0
   108/399        0G   0.02169  0.007878         0   0.02956        11       640    0.9385    0.9817     0.989    0.7767   0.01293   0.00319         0
   109/399        0G   0.02219  0.008634         0   0.03082         5       640    0.9304    0.9817    0.9862    0.8181   0.01023   0.00311         0
   110/399        0G   0.02162   0.01061         0   0.03223        17       640    0.9909         1    0.9957    0.8756  0.008448  0.003014         0
   111/399        0G   0.01894  0.009521         0   0.02846        16       640    0.9909         1    0.9956    0.8688  0.007609  0.003026         0
   112/399        0G   0.01942   0.01062         0   0.03004        15       640    0.9999         1    0.9958    0.8669  0.009879  0.003045         0
   113/399        0G   0.01996  0.009924         0   0.02988        15       640         1         1    0.9958    0.8772  0.007902   0.00302         0
   114/399        0G   0.01787  0.007738         0   0.02561         8       640         1         1    0.9958    0.8499   0.01059  0.003111         0
   115/399        0G    0.0188   0.00967         0   0.02847         7       640         1         1    0.9958    0.8845  0.007665  0.003036         0
   116/399        0G   0.01882  0.009031         0   0.02785        10       640    0.9999         1    0.9958    0.8587   0.01073  0.003191         0
   117/399        0G   0.01885  0.009777         0   0.02862        21       640         1         1    0.9958    0.8728  0.009069   0.00317         0
   118/399        0G   0.02078  0.009138         0   0.02992        10       640         1         1    0.9957    0.7907   0.01148  0.003102         0
   119/399        0G   0.01917  0.008581         0   0.02775        13       640         1         1    0.9958    0.8131  0.009102  0.003165         0
   120/399        0G   0.01828  0.008843         0   0.02713        13       640         1         1    0.9957    0.8654  0.009648  0.003182         0
   121/399        0G   0.01972   0.00914         0   0.02886        10       640         1         1    0.9957    0.8771  0.008573  0.003171         0
   122/399        0G   0.01923  0.008778         0   0.02801         8       640    0.9999         1    0.9957    0.8545  0.007669  0.003209         0
   123/399        0G   0.02068  0.009243         0   0.02992        10       640     0.973    0.9907    0.9951    0.8653   0.00773  0.003183         0
   124/399        0G   0.01778  0.008115         0    0.0259        10       640    0.9909         1    0.9957    0.8621   0.01134  0.003189         0
   125/399        0G    0.0215   0.01066         0   0.03216        14       640         1         1    0.9958    0.8788  0.009929  0.003059         0
   126/399        0G   0.02019  0.009562         0   0.02975         9       640    0.9999         1    0.9958    0.8764  0.007958  0.003028         0
   127/399        0G    0.0163  0.007971         0   0.02428        10       640    0.9999         1    0.9958     0.881  0.007128   0.00306         0
   128/399        0G   0.01912   0.01012         0   0.02924        22       640    0.9999         1    0.9959     0.892  0.008486   0.00315         0
   129/399        0G   0.01884   0.00899         0   0.02783        14       640    0.9999         1     0.996    0.9069   0.00712  0.003064         0
   130/399        0G   0.02026  0.008909         0   0.02917        18       640         1         1     0.996    0.8291    0.0108  0.003199         0
   131/399        0G   0.02245  0.009384         0   0.03183        11       640    0.9999         1     0.996    0.8829  0.008075  0.003109         0
   132/399        0G    0.0203   0.00884         0   0.02914        12       640         1         1     0.996    0.8434  0.008712  0.003077         0
   133/399        0G   0.01939  0.009351         0   0.02874        10       640         1         1     0.996    0.8945  0.006826  0.002932         0
   134/399        0G    0.0172  0.008547         0   0.02574        22       640         1         1    0.9959    0.8905  0.008283  0.002996         0
   135/399        0G    0.0218  0.009058         0   0.03086        12       640         1         1    0.9959    0.8835  0.007732  0.002991         0
   136/399        0G   0.01776  0.008103         0   0.02587        10       640         1         1     0.996    0.8924  0.007676  0.002964         0
   137/399        0G   0.01813  0.008369         0    0.0265         9       640         1         1     0.996    0.8691  0.007056   0.00291         0
   138/399        0G   0.01885  0.009357         0   0.02821        13       640         1         1    0.9962    0.8861  0.007285  0.002838         0
   139/399        0G   0.01625  0.009848         0    0.0261         9       640         1         1    0.9963    0.8877  0.006859  0.002834         0
   140/399        0G   0.01973  0.009031         0   0.02876        10       640         1         1    0.9963    0.8817  0.007023  0.002815         0
   141/399        0G   0.01613  0.009964         0    0.0261         9       640         1         1    0.9963    0.8576  0.006809   0.00285         0
   142/399        0G   0.01715  0.008606         0   0.02576        13       640         1         1    0.9962    0.8602  0.006592  0.002831         0
   143/399        0G   0.01706  0.008315         0   0.02538        12       640         1         1    0.9963    0.8904  0.006241  0.002854         0
   144/399        0G   0.02143   0.01085         0   0.03228        19       640    0.9909         1    0.9961    0.7935  0.009795  0.003024         0
   145/399        0G   0.02017  0.009483         0   0.02965        14       640         1    0.9907    0.9962    0.8143  0.009204  0.003042         0
   146/399        0G   0.02068  0.009312         0   0.02999        12       640    0.9909         1     0.996    0.8438  0.008404  0.002956         0
   147/399        0G   0.02004  0.009202         0   0.02924        17       640         1         1    0.9961    0.8611  0.006626  0.002883         0
   148/399        0G   0.01681  0.008588         0    0.0254         9       640         1         1    0.9961    0.8265  0.008051  0.002967         0
   149/399        0G   0.01928  0.007988         0   0.02727        15       640         1         1     0.996    0.8701  0.006915  0.002952         0
   150/399        0G   0.01418  0.007655         0   0.02183        14       640         1         1     0.996    0.8784  0.006363  0.003003         0
   151/399        0G   0.01741  0.008005         0   0.02542        13       640         1         1     0.996    0.8586   0.00668   0.00297         0
   152/399        0G    0.0189   0.00909         0   0.02799        18       640         1    0.9908    0.9959    0.8899  0.006562  0.002944         0
   153/399        0G   0.01741  0.008958         0   0.02637        11       640         1         1     0.996     0.908  0.006162  0.002954         0
   154/399        0G   0.01811   0.00863         0   0.02674        16       640         1    0.9908    0.9959    0.8729  0.008369  0.003119         0
   155/399        0G   0.01651  0.009065         0   0.02558         9       640    0.9909         1    0.9958    0.9033  0.006764  0.002979         0
   156/399        0G   0.01716  0.007943         0    0.0251         7       640         1         1    0.9958    0.8573  0.008758  0.003002         0
   157/399        0G   0.01566  0.009844         0   0.02551        22       640         1         1    0.9958    0.9034  0.006761   0.00285         0
   158/399        0G   0.02117   0.01012         0    0.0313        22       640         1         1     0.996    0.8992  0.006973  0.002761         0
   159/399        0G   0.01449  0.008437         0   0.02292         7       640         1         1    0.9959    0.9216  0.005558  0.002656         0
   160/399        0G   0.01731  0.008546         0   0.02585        15       640         1         1     0.996    0.8725  0.008674  0.002816         0
   161/399        0G   0.01707  0.009373         0   0.02644        17       640         1         1    0.9959     0.911   0.00649  0.002618         0
   162/399        0G   0.01827  0.008745         0   0.02701        12       640         1         1    0.9958    0.8896  0.006781  0.002676         0
   163/399        0G   0.01764  0.009279         0   0.02692        20       640         1         1    0.9959    0.8805  0.006373   0.00279         0
   164/399        0G   0.01868  0.008705         0   0.02738        11       640         1         1    0.9959    0.8646  0.007729  0.003035         0
   165/399        0G   0.01397  0.008488         0   0.02246        13       640         1         1    0.9959    0.8951  0.006125  0.002835         0
   166/399        0G   0.01734  0.008448         0   0.02578        12       640         1         1    0.9957    0.8767  0.008027   0.00287         0
   167/399        0G   0.01792   0.00886         0   0.02678        10       640         1         1    0.9957    0.8978  0.007413  0.002843         0
   168/399        0G   0.01941  0.009469         0   0.02888         9       640         1         1    0.9958    0.8836  0.007228  0.002788         0
   169/399        0G   0.01662   0.00851         0   0.02513        12       640         1         1    0.9957    0.9198  0.006026  0.002652         0
   170/399        0G   0.01593  0.008568         0   0.02449        10       640         1         1    0.9957    0.8694  0.007982  0.002757         0
   171/399        0G   0.01699  0.008815         0    0.0258        18       640         1         1    0.9957    0.9105  0.006846  0.002673         0
   172/399        0G   0.01636  0.008919         0   0.02528         9       640         1         1    0.9957    0.9162  0.007484   0.00267         0
   173/399        0G   0.01756  0.009323         0   0.02689         8       640         1         1    0.9957    0.9069  0.006925  0.002706         0
   174/399        0G   0.01588  0.009561         0   0.02544         9       640         1         1    0.9956    0.8488  0.007873  0.002889         0
   175/399        0G   0.01793  0.008867         0    0.0268         7       640         1         1    0.9956    0.8913  0.006546  0.002785         0
   176/399        0G   0.01548  0.007795         0   0.02327        11       640         1         1    0.9956    0.8584  0.008884  0.002744         0
   177/399        0G   0.01494   0.00794         0   0.02288        18       640         1         1    0.9956    0.8874  0.006904  0.002679         0
   178/399        0G   0.01423  0.009286         0   0.02352        16       640         1         1    0.9956    0.8864  0.006658  0.002639         0
   179/399        0G   0.01522  0.008129         0   0.02335        13       640         1         1    0.9957    0.9129  0.006663  0.002587         0
   180/399        0G   0.01813  0.009371         0    0.0275        15       640         1         1    0.9957    0.9022  0.006949  0.002629         0
   181/399        0G   0.01604  0.008748         0   0.02479        11       640         1         1    0.9958    0.9099  0.006352  0.002656         0
   182/399        0G    0.0176  0.008122         0   0.02572        10       640         1    0.9999    0.9959    0.8783   0.00747   0.00269         0
   183/399        0G   0.01517  0.007076         0   0.02225         6       640         1    0.9999    0.9958     0.885  0.006112  0.002651         0
   184/399        0G   0.01645  0.008373         0   0.02483        13       640         1         1    0.9958    0.8928  0.007858  0.002721         0
   185/399        0G   0.01768   0.00781         0   0.02549        15       640    0.9999         1    0.9957     0.915  0.005703  0.002665         0
   186/399        0G   0.01492  0.007559         0   0.02248        13       640         1         1    0.9957    0.9128  0.007819  0.002643         0
   187/399        0G   0.01606  0.007842         0    0.0239         8       640    0.9999         1    0.9958    0.8957    0.0069  0.002663         0
   188/399        0G   0.01687  0.007932         0   0.02481        11       640         1    0.9999    0.9957    0.8846   0.00607  0.002638         0
   189/399        0G   0.01402  0.007122         0   0.02114        10       640    0.9999         1    0.9956    0.9132  0.005062  0.002573         0
   190/399        0G   0.01572  0.008601         0   0.02432        20       640    0.9999         1    0.9956    0.9133  0.006026  0.002715         0
   191/399        0G   0.01352  0.009232         0   0.02275        12       640         1         1    0.9956     0.922  0.004901  0.002647         0
   192/399        0G   0.01447  0.008301         0   0.02277        13       640         1         1    0.9957    0.8318  0.008314  0.003054         0
   193/399        0G   0.01598  0.007667         0   0.02365        13       640         1         1    0.9957    0.8702  0.007109  0.002962         0
   194/399        0G   0.01664  0.008084         0   0.02472         9       640         1         1    0.9958    0.8368  0.007714   0.00291         0
   195/399        0G   0.01692  0.009821         0   0.02674         9       640         1    0.9999     0.996    0.8688  0.006648  0.002924         0
   196/399        0G   0.01505  0.008617         0   0.02366        13       640    0.9999         1     0.996    0.8864  0.006512  0.002936         0
   197/399        0G   0.01367  0.008023         0   0.02169         7       640    0.9999         1    0.9961    0.9132  0.005948  0.002717         0
   198/399        0G     0.013  0.008571         0   0.02157        17       640         1         1    0.9963    0.9182  0.007341  0.002482         0
   199/399        0G   0.01607  0.008028         0    0.0241        14       640         1         1    0.9963     0.929  0.006375  0.002445         0
   200/399        0G   0.01336  0.008235         0   0.02159        10       640         1         1    0.9964    0.9142   0.00722   0.00249         0
   201/399        0G   0.01531  0.007641         0   0.02295        18       640         1         1    0.9964    0.9102  0.007204  0.002492         0
   202/399        0G   0.01625  0.007894         0   0.02415         7       640         1         1    0.9965    0.9025  0.007405  0.002693         0
   203/399        0G   0.01469  0.008472         0   0.02316        15       640         1         1    0.9965    0.9238  0.006545  0.002621         0
   204/399        0G   0.01658  0.008552         0   0.02514         8       640         1         1    0.9966    0.9205  0.006217  0.002677         0
   205/399        0G   0.01241   0.00792         0   0.02033        10       640         1         1    0.9966    0.9293  0.005194  0.002553         0
   206/399        0G   0.01479  0.007799         0   0.02259         6       640         1         1    0.9965    0.8771  0.006928  0.002717         0
   207/399        0G    0.0159  0.008284         0   0.02418        11       640    0.9999         1    0.9966    0.8752  0.006436  0.002673         0
   208/399        0G   0.01456   0.00773         0   0.02229         9       640         1         1    0.9966    0.8891  0.005768  0.002664         0
   209/399        0G    0.0133  0.007425         0   0.02072        11       640         1         1    0.9966     0.926  0.005347  0.002611         0
   210/399        0G   0.01248  0.007498         0   0.01998         5       640         1         1    0.9965    0.8975  0.007102  0.002749         0
   211/399        0G   0.01413  0.009539         0   0.02367        16       640         1         1    0.9965    0.8764   0.00693  0.002748         0
   212/399        0G   0.01409   0.00778         0   0.02187        15       640         1         1    0.9965    0.9236    0.0056  0.002717         0
   213/399        0G    0.0128  0.008148         0   0.02095        10       640    0.9818    0.9908    0.9958    0.9019  0.006047  0.002954         0
   214/399        0G    0.0133  0.008047         0   0.02135         7       640    0.9815    0.9724    0.9933    0.8633  0.007344  0.003258         0
   215/399        0G   0.01341   0.00784         0   0.02125        13       640    0.9815    0.9724    0.9936    0.8601  0.007276  0.003416         0
   216/399        0G   0.01313  0.008466         0   0.02159        16       640         1    0.9908    0.9964     0.887  0.006204  0.003137         0
   217/399        0G   0.01156  0.009029         0   0.02059        15       640    0.9909         1    0.9963    0.9224  0.005367  0.002888         0
   218/399        0G   0.01569  0.008925         0   0.02461        13       640         1         1    0.9965    0.8997  0.005595  0.002698         0
   219/399        0G   0.01607  0.008465         0   0.02453        11       640         1         1    0.9965    0.9283  0.005478  0.002556         0
   220/399        0G   0.01232  0.007832         0   0.02015        14       640         1         1    0.9965    0.9161  0.004961  0.002467         0
   221/399        0G   0.01301  0.007936         0   0.02095        12       640         1         1    0.9965    0.9218  0.005061  0.002436         0
   222/399        0G   0.01231  0.007991         0    0.0203        13       640         1         1    0.9965     0.934  0.005086  0.002435         0
   223/399        0G   0.01215  0.007369         0   0.01952         9       640         1         1    0.9965     0.913  0.004974  0.002424         0
   224/399        0G   0.01371  0.007965         0   0.02167         8       640         1         1    0.9964    0.9135  0.005024  0.002528         0
   225/399        0G   0.01253  0.007898         0   0.02043        15       640         1         1    0.9965    0.9316  0.004411   0.00242         0
   226/399        0G   0.01368   0.00871         0   0.02239        17       640         1         1    0.9966    0.9145  0.005994  0.002574         0
   227/399        0G   0.01186  0.007951         0   0.01981        13       640         1         1    0.9966    0.9323  0.005194  0.002495         0
   228/399        0G   0.01433  0.008198         0   0.02253        13       640         1         1    0.9967    0.9154  0.004773  0.002445         0
   229/399        0G   0.01202  0.007671         0   0.01969         9       640         1         1    0.9968     0.929  0.004438  0.002394         0
   230/399        0G   0.01403  0.008183         0   0.02221        14       640         1         1    0.9969    0.9473  0.004717  0.002421         0
   231/399        0G   0.01302  0.008396         0   0.02142        18       640         1         1    0.9969    0.9425  0.004432  0.002401         0
   232/399        0G   0.01366  0.007976         0   0.02164        12       640         1         1    0.9968    0.9393  0.005146  0.002459         0
   233/399        0G   0.01153  0.007163         0   0.01869        10       640         1         1    0.9968     0.942  0.004719  0.002384         0
   234/399        0G   0.01269  0.006959         0   0.01965        10       640         1         1    0.9968    0.9027  0.006349  0.002436         0
   235/399        0G    0.0116  0.007263         0   0.01886         9       640         1         1    0.9968    0.9281    0.0058  0.002404         0
   236/399        0G   0.01273  0.008074         0    0.0208        14       640         1         1    0.9969    0.9294  0.004925   0.00237         0
   237/399        0G    0.0121  0.007505         0    0.0196        12       640         1         1    0.9969    0.9331  0.004811  0.002338         0
   238/399        0G   0.01164  0.007355         0   0.01899        16       640         1         1     0.997    0.9275  0.005041  0.002318         0
   239/399        0G   0.01046  0.006807         0   0.01726         5       640         1         1    0.9971    0.9303  0.004726  0.002287         0
   240/399        0G   0.01177  0.007834         0    0.0196        13       640         1         1     0.997     0.922  0.006339  0.002325         0
   241/399        0G   0.01151   0.00743         0   0.01894        14       640         1         1    0.9969     0.925  0.005046  0.002319         0
   242/399        0G   0.01154  0.007951         0   0.01949        14       640         1         1    0.9969    0.9329  0.005502   0.00235         0
   243/399        0G   0.01082  0.006741         0   0.01756        14       640    0.9909         1     0.997    0.9372  0.004776  0.002262         0
   244/399        0G   0.01121  0.007282         0   0.01849        11       640    0.9909         1    0.9967    0.9434  0.005139  0.002302         0
   245/399        0G   0.01174  0.007638         0   0.01938        11       640    0.9909         1    0.9967     0.935  0.004978  0.002263         0
   246/399        0G  0.009892  0.007036         0   0.01693        17       640    0.9909         1    0.9967    0.9376  0.004631  0.002207         0
   247/399        0G  0.009165  0.006559         0   0.01572        11       640    0.9909         1    0.9967    0.9276  0.004337  0.002193         0
   248/399        0G   0.01245  0.007754         0    0.0202        13       640    0.9909         1    0.9969    0.9037  0.005707  0.002294         0
   249/399        0G   0.01243  0.007408         0   0.01984        13       640    0.9909         1    0.9969    0.9297  0.004666  0.002207         0
   250/399        0G   0.01264  0.007556         0   0.02019        12       640         1    0.9999    0.9969    0.9357  0.004695   0.00222         0
   251/399        0G   0.01067  0.007275         0   0.01795        10       640         1         1    0.9969    0.9309  0.004345  0.002177         0
   252/399        0G   0.01176  0.006719         0   0.01848         7       640         1         1    0.9969    0.9248  0.005405  0.002266         0
   253/399        0G   0.01096  0.006756         0   0.01772        13       640         1         1    0.9969    0.9456  0.004373  0.002187         0
   254/399        0G  0.009229  0.006925         0   0.01615        18       640         1         1    0.9968     0.931  0.005223  0.002303         0
   255/399        0G   0.01078  0.006548         0   0.01732        14       640         1         1    0.9969    0.9481  0.004266  0.002274         0
   256/399        0G   0.01081  0.007105         0   0.01791        13       640         1         1    0.9968    0.9429  0.004461  0.002309         0
   257/399        0G   0.01048  0.007669         0   0.01815        20       640         1         1    0.9968    0.9367  0.004319  0.002327         0
   258/399        0G   0.00977  0.006572         0   0.01634         9       640         1         1     0.997    0.9395  0.004592  0.002438         0
   259/399        0G  0.009552  0.008027         0   0.01758        10       640         1         1     0.997     0.933  0.004457  0.002355         0
   260/399        0G   0.01509  0.007791         0   0.02288         8       640         1         1     0.997    0.9007  0.005618  0.002423         0
   261/399        0G   0.01263  0.007044         0   0.01967        11       640         1         1     0.997     0.913  0.005989  0.002442         0
   262/399        0G   0.01311  0.008089         0    0.0212        12       640         1         1     0.997    0.9245  0.004536  0.002403         0
   263/399        0G   0.01004   0.00766         0    0.0177        13       640         1         1     0.997    0.9318  0.005116  0.002359         0
   264/399        0G   0.01317  0.008011         0   0.02118        11       640         1         1    0.9971    0.9356  0.004282  0.002341         0
   265/399        0G   0.01255  0.006771         0   0.01932        12       640         1         1     0.997    0.9412  0.003882  0.002308         0
   266/399        0G   0.01115  0.007658         0    0.0188        15       640         1         1     0.997    0.9438  0.004557  0.002335         0
   267/399        0G   0.01062  0.007456         0   0.01807        11       640         1         1     0.997    0.9449  0.003979  0.002251         0
   268/399        0G   0.01129  0.007943         0   0.01923         9       640         1         1    0.9971    0.9429  0.004352   0.00226         0
   269/399        0G   0.00945  0.007148         0    0.0166        12       640         1         1     0.997    0.9542   0.00393  0.002199         0
   270/399        0G   0.01171  0.006812         0   0.01852        11       640         1         1    0.9971    0.9537  0.004635  0.002204         0
   271/399        0G   0.01061  0.007458         0   0.01806        10       640         1         1     0.997    0.9525   0.00432  0.002153         0
   272/399        0G    0.0109  0.006889         0   0.01779         7       640         1         1     0.997    0.9594  0.004191  0.002197         0
   273/399        0G   0.01097  0.007437         0   0.01841         8       640         1         1     0.997     0.959  0.004032  0.002165         0
   274/399        0G  0.009717  0.006085         0    0.0158        13       640         1         1     0.997    0.9228  0.004635  0.002245         0
   275/399        0G   0.01267  0.008357         0   0.02103        14       640         1         1     0.997    0.9171  0.004414  0.002205         0
   276/399        0G   0.01148  0.007672         0   0.01916         8       640         1         1     0.997    0.9364  0.004598  0.002264         0
   277/399        0G   0.01053  0.007318         0   0.01785        15       640         1         1     0.997    0.9345  0.004404  0.002234         0
   278/399        0G  0.009643  0.006791         0   0.01643        12       640         1         1    0.9971    0.9222  0.004405  0.002277         0
   279/399        0G   0.01072  0.006474         0   0.01719        13       640         1         1    0.9971    0.9368  0.003968  0.002247         0
   280/399        0G   0.01054   0.00767         0   0.01821        18       640         1         1     0.997    0.9423  0.004618  0.002327         0
   281/399        0G   0.00864  0.006854         0   0.01549        12       640         1         1     0.997    0.9491  0.003894  0.002258         0
   282/399        0G  0.008938  0.006588         0   0.01553        18       640         1         1    0.9971    0.9339  0.004168  0.002263         0
   283/399        0G   0.01157  0.008352         0   0.01992         8       640         1         1    0.9971     0.937  0.003848  0.002227         0
   284/399        0G  0.009314  0.006607         0   0.01592        19       640         1         1    0.9971    0.9508  0.004023  0.002263         0
   285/399        0G   0.01003  0.006973         0     0.017        12       640         1         1    0.9971    0.9626  0.003788  0.002194         0
   286/399        0G   0.01027  0.006108         0   0.01638         8       640         1         1    0.9971    0.9517  0.004559  0.002149         0
   287/399        0G   0.01202  0.007209         0   0.01923         8       640         1         1     0.997    0.9453  0.004016  0.002085         0
   288/399        0G   0.01167  0.007328         0     0.019        10       640         1         1     0.997    0.9334  0.004239  0.002163         0
   289/399        0G  0.009764  0.006415         0   0.01618        15       640         1         1     0.997    0.9518  0.003848  0.002079         0
   290/399        0G   0.01208  0.008228         0   0.02031        18       640         1         1    0.9971    0.9597  0.003457  0.002033         0
   291/399        0G  0.009304  0.007018         0   0.01632        15       640         1         1    0.9972    0.9613  0.003253  0.002013         0
   292/399        0G  0.008716  0.007113         0   0.01583        10       640         1         1    0.9972    0.9529  0.003499  0.002068         0
   293/399        0G  0.009093   0.00588         0   0.01497        14       640         1         1    0.9973    0.9619  0.003365  0.002081         0
   294/399        0G  0.009785  0.006595         0   0.01638        10       640         1         1    0.9971     0.954  0.003722  0.002106         0
   295/399        0G    0.0101  0.006134         0   0.01624         9       640         1         1    0.9972    0.9607  0.003567  0.002045         0
   296/399        0G   0.01073  0.007051         0   0.01779         8       640         1         1    0.9973    0.9596  0.003561  0.002069         0
   297/399        0G  0.008505  0.006267         0   0.01477        11       640         1         1    0.9975    0.9564  0.003471   0.00205         0
   298/399        0G  0.009876  0.006853         0   0.01673        14       640         1         1    0.9975     0.952   0.00396  0.002155         0
   299/399        0G    0.0103  0.006984         0   0.01729        15       640         1         1    0.9975    0.9537  0.003568   0.00209         0
   300/399        0G   0.01106  0.007999         0   0.01906        12       640         1         1    0.9974    0.9533  0.003526  0.002131         0
   301/399        0G  0.009126  0.006979         0    0.0161         6       640         1         1    0.9975    0.9564  0.003433  0.002095         0
   302/399        0G  0.009085  0.006282         0   0.01537         8       640         1         1    0.9973    0.9564  0.003981  0.002146         0
   303/399        0G  0.009879   0.00651         0   0.01639         8       640    0.9999         1    0.9974    0.9653  0.003583  0.002081         0
   304/399        0G   0.01262  0.007016         0   0.01964        13       640         1         1    0.9973    0.9447  0.003561  0.002084         0
   305/399        0G  0.008167  0.006316         0   0.01448        13       640         1         1    0.9973    0.9487  0.003424  0.002083         0
   306/399        0G  0.009209  0.006502         0   0.01571        11       640         1         1    0.9974    0.9663  0.003318  0.002098         0
   307/399        0G   0.01077  0.006405         0   0.01717        16       640         1         1    0.9973    0.9644  0.003363  0.002092         0
   308/399        0G  0.009573  0.005153         0   0.01473        12       640         1         1    0.9973    0.9719  0.003959  0.002066         0
   309/399        0G  0.008819  0.007091         0   0.01591         8       640    0.9999         1    0.9973    0.9676  0.003441  0.002026         0
   310/399        0G  0.009391  0.006424         0   0.01582         6       640         1         1    0.9973    0.9651  0.003699  0.001979         0
   311/399        0G  0.009327  0.006629         0   0.01596        12       640         1         1    0.9973    0.9536  0.003418  0.001942         0
   312/399        0G  0.009412  0.006308         0   0.01572        16       640         1         1    0.9973    0.9647  0.003468  0.001967         0
   313/399        0G    0.0102  0.006639         0   0.01684        11       640         1         1    0.9973    0.9602  0.003359   0.00193         0
   314/399        0G  0.009197  0.007211         0   0.01641        14       640         1         1    0.9974    0.9481  0.003713  0.001998         0
   315/399        0G  0.009996  0.006244         0   0.01624        15       640         1         1    0.9974    0.9521  0.003358  0.001966         0
   316/399        0G   0.01017  0.006986         0   0.01715         9       640         1         1    0.9974    0.9474  0.003819  0.002005         0
   317/399        0G  0.009421  0.006491         0   0.01591         9       640         1         1    0.9974    0.9635  0.003242  0.001942         0
   318/399        0G  0.009011   0.00584         0   0.01485        17       640         1         1    0.9973     0.958  0.003563  0.001978         0
   319/399        0G  0.009373  0.006349         0   0.01572         9       640         1         1    0.9974    0.9592   0.00322  0.001924         0
   320/399        0G   0.01214  0.006892         0   0.01903        12       640         1         1    0.9973    0.9679  0.003485  0.001947         0
   321/399        0G  0.009809  0.005933         0   0.01574         6       640         1         1    0.9972     0.965  0.003358  0.001908         0
   322/399        0G   0.01102  0.007671         0   0.01869        14       640         1         1    0.9972    0.9646  0.003526  0.001966         0
   323/399        0G  0.007869  0.005748         0   0.01362         9       640         1         1    0.9973    0.9597  0.003376  0.001949         0
   324/399        0G  0.009202  0.005837         0   0.01504        11       640         1         1    0.9973    0.9508  0.003921  0.002031         0
   325/399        0G      0.01  0.006344         0   0.01635         8       640         1         1    0.9973    0.9574  0.003598  0.002005         0
   326/399        0G   0.01085  0.007215         0   0.01806        14       640         1         1    0.9975    0.9572  0.003772  0.002033         0
   327/399        0G   0.01227  0.006928         0    0.0192         9       640         1         1    0.9975    0.9469  0.003867  0.002054         0
   328/399        0G  0.009721  0.006565         0   0.01629         8       640         1         1    0.9974    0.9376  0.003915  0.002129         0
   329/399        0G   0.01155  0.007091         0   0.01864        21       640         1         1    0.9973    0.9572  0.003438  0.002083         0
   330/399        0G  0.008414  0.005894         0   0.01431        13       640         1         1    0.9973     0.959  0.003555  0.002067         0
   331/399        0G   0.01014  0.006363         0    0.0165        11       640         1         1    0.9973    0.9586  0.003343   0.00201         0
   332/399        0G   0.01018  0.007211         0   0.01739        10       640         1         1    0.9973     0.967  0.003251  0.002009         0
   333/399        0G  0.008419  0.006695         0   0.01511        15       640         1         1    0.9973     0.967  0.002991  0.002005         0
   334/399        0G  0.008731  0.006572         0    0.0153         9       640         1         1    0.9975    0.9662   0.00316  0.002019         0
   335/399        0G  0.007555  0.006041         0    0.0136         9       640         1         1    0.9976    0.9602  0.003057  0.001986         0
   336/399        0G  0.008487  0.006077         0   0.01456        14       640         1         1    0.9975     0.962   0.00307   0.00198         0
   337/399        0G   0.00799   0.00672         0   0.01471        13       640         1         1    0.9976    0.9587  0.003013  0.001975         0
   338/399        0G  0.009661  0.006756         0   0.01642         9       640         1         1    0.9976    0.9597  0.003243  0.002006         0
   339/399        0G  0.009273  0.005277         0   0.01455         9       640         1         1    0.9975    0.9597  0.003055  0.001991         0
   340/399        0G  0.008244   0.00641         0   0.01465        14       640         1         1    0.9975    0.9601  0.003449   0.00202         0
   341/399        0G  0.008358  0.006303         0   0.01466        10       640         1         1    0.9975    0.9601   0.00317  0.001981         0
   342/399        0G   0.01159  0.006675         0   0.01826         8       640         1         1    0.9975    0.9557  0.003789  0.002009         0
   343/399        0G   0.01023  0.006326         0   0.01655        13       640         1         1    0.9975    0.9665  0.003124  0.001931         0
   344/399        0G  0.008999  0.006416         0   0.01542        15       640         1         1    0.9974    0.9632  0.003411  0.001934         0
   345/399        0G  0.008284  0.007132         0   0.01542        10       640         1         1    0.9974    0.9654   0.00316  0.001915         0
   346/399        0G  0.009669  0.006586         0   0.01625        10       640         1         1    0.9975    0.9692  0.003379  0.001924         0
   347/399        0G  0.009681  0.006711         0   0.01639        10       640         1         1    0.9975    0.9665  0.003468  0.001895         0
   348/399        0G  0.008836  0.006294         0   0.01513        15       640         1         1    0.9973    0.9606  0.003633  0.001917         0
   349/399        0G   0.01085  0.007505         0   0.01835        17       640         1         1    0.9974    0.9595   0.00354  0.001909         0
   350/399        0G  0.008401   0.00651         0   0.01491        22       640         1         1    0.9974    0.9568  0.003674   0.00192         0
   351/399        0G  0.008769  0.006669         0   0.01544        15       640         1         1    0.9974    0.9656   0.00331  0.001888         0
   352/399        0G  0.009011  0.006018         0   0.01503        11       640         1         1    0.9974    0.9693  0.003519  0.001921         0
   353/399        0G  0.007291  0.006185         0   0.01348         8       640         1         1    0.9973    0.9653  0.003148  0.001922         0
   354/399        0G  0.008219  0.006298         0   0.01452        15       640         1         1    0.9973    0.9632  0.003118  0.001992         0
   355/399        0G   0.00766  0.005903         0   0.01356        10       640         1         1    0.9973    0.9638  0.003041   0.00201         0
   356/399        0G  0.007901  0.005905         0   0.01381        12       640         1         1    0.9973    0.9633  0.002978  0.002005         0
   357/399        0G  0.008321  0.006457         0   0.01478        15       640         1         1    0.9973    0.9629  0.003146  0.002005         0
   358/399        0G  0.009303  0.006898         0    0.0162        16       640         1         1    0.9973    0.9575   0.00341  0.002032         0
   359/399        0G  0.008191  0.006254         0   0.01445        14       640         1         1    0.9973    0.9652  0.003081  0.002004         0
   360/399        0G  0.008451  0.005401         0   0.01385        12       640         1         1    0.9973    0.9646  0.003092   0.00201         0
   361/399        0G   0.01055  0.006575         0   0.01712        17       640         1         1    0.9973    0.9687  0.003202  0.001987         0
   362/399        0G  0.007472  0.005582         0   0.01305        12       640         1         1    0.9973    0.9403  0.003608   0.00199         0
   363/399        0G  0.008977  0.005926         0    0.0149        13       640         1         1    0.9974    0.9711  0.003204  0.001935         0
   364/399        0G  0.008877  0.006374         0   0.01525         8       640         1         1    0.9974    0.9782   0.00299    0.0019         0
   365/399        0G  0.009139  0.005812         0   0.01495        19       640         1         1    0.9973    0.9782  0.002948  0.001887         0
   366/399        0G  0.008688  0.007219         0   0.01591        16       640         1         1    0.9975    0.9743  0.003248  0.001931         0
   367/399        0G  0.007265  0.005917         0   0.01318        16       640         1         1    0.9975    0.9684  0.003378  0.001947         0
   368/399        0G  0.009106   0.00655         0   0.01566        10       640         1         1    0.9975    0.9694  0.003174  0.001889         0
   369/399        0G  0.008328  0.006358         0   0.01469        11       640         1         1    0.9975    0.9692   0.00317  0.001888         0
   370/399        0G  0.007232  0.005608         0   0.01284        10       640         1         1    0.9974    0.9546  0.003113  0.001929         0
   371/399        0G  0.006828  0.005446         0   0.01227        14       640         1         1    0.9973    0.9467  0.003176  0.001939         0
   372/399        0G  0.009085  0.006104         0   0.01519        16       640         1         1    0.9973    0.9563  0.003158  0.001923         0
   373/399        0G   0.00867  0.006432         0    0.0151        17       640         1         1    0.9973    0.9712  0.003118  0.001918         0
   374/399        0G   0.01015  0.006077         0   0.01623        16       640         1         1    0.9975    0.9739  0.003022  0.001925         0
   375/399        0G    0.0083  0.005352         0   0.01365         9       640         1         1    0.9975    0.9781   0.00291  0.001897         0
   376/399        0G  0.008988  0.006001         0   0.01499        15       640         1         1    0.9975    0.9773  0.002899  0.001898         0
   377/399        0G  0.009653  0.006157         0   0.01581        17       640         1         1    0.9975    0.9765  0.002818  0.001893         0
   378/399        0G  0.008181  0.006154         0   0.01434        16       640         1         1    0.9975    0.9751  0.002905  0.001891         0
   379/399        0G  0.007513  0.005765         0   0.01328        10       640         1         1    0.9975    0.9723  0.002747  0.001874         0
   380/399        0G  0.009382  0.006975         0   0.01636        10       640         1         1    0.9975    0.9739  0.002866  0.001866         0
   381/399        0G  0.009444  0.006041         0   0.01548        11       640         1         1    0.9975    0.9681  0.002839   0.00186         0
   382/399        0G  0.009637  0.006664         0    0.0163        13       640         1         1    0.9975    0.9729  0.002931   0.00188         0
   383/399        0G  0.008855  0.005432         0   0.01429         9       640         1         1    0.9974    0.9724  0.002901  0.001847         0
   384/399        0G    0.0079  0.004976         0   0.01288         7       640         1         1    0.9972    0.9712  0.002906  0.001835         0
   385/399        0G  0.007033   0.00541         0   0.01244        21       640         1         1    0.9973    0.9757  0.002716   0.00181         0
   386/399        0G  0.008496  0.006059         0   0.01455         9       640         1         1    0.9973    0.9723  0.003001  0.001868         0
   387/399        0G  0.007853   0.00585         0    0.0137         8       640         1         1    0.9973    0.9706  0.002799  0.001851         0
   388/399        0G  0.007687  0.006692         0   0.01438         9       640         1         1    0.9974    0.9662  0.002783  0.001885         0
   389/399        0G  0.008912  0.005409         0   0.01432        14       640         1         1    0.9974    0.9614  0.002937  0.001914         0
   390/399        0G  0.008061  0.005805         0   0.01387        10       640         1         1    0.9973    0.9616  0.003095  0.001967         0
   391/399        0G  0.008729   0.00625         0   0.01498         8       640         1         1    0.9974    0.9618  0.002947  0.001935         0
   392/399        0G  0.007253  0.005376         0   0.01263         7       640         1         1    0.9974    0.9608  0.003271  0.001958         0
   393/399        0G  0.009637  0.006316         0   0.01595        11       640         1         1    0.9974    0.9637  0.003133  0.001935         0
   394/399        0G  0.008716  0.006557         0   0.01527        12       640         1         1    0.9973    0.9591  0.002903  0.001896         0
   395/399        0G  0.008333  0.006687         0   0.01502        10       640         1         1    0.9973    0.9641   0.00285  0.001897         0
   396/399        0G  0.008721  0.005999         0   0.01472         7       640         1         1    0.9973    0.9732  0.002773  0.001868         0
   397/399        0G  0.009408  0.007099         0   0.01651        13       640         1         1    0.9973    0.9802  0.002752  0.001865         0
   398/399        0G  0.007315  0.006525         0   0.01384        19       640         1         1    0.9973    0.9838  0.002778  0.001876         0
   399/399        0G  0.007801  0.006688         0   0.01449        17       640         1         1    0.9974    0.9819  0.002772  0.001898         0
