     0/299        0G   0.09948   0.02876         0    0.1282         4       640  0.004375   0.01695 0.0004295 5.123e-05   0.08552   0.02045         0
     1/299        0G   0.09302   0.02905         0    0.1221         5       640  0.004725   0.01695 0.0005749 7.129e-05   0.08106   0.01991         0
     2/299        0G   0.08594    0.0275         0    0.1134         6       640  0.002869    0.2881  0.001353   0.00016   0.07485   0.01992         0
     3/299        0G   0.08187   0.02796         0    0.1098         3       640  0.004927    0.2881  0.003425 0.0004572   0.06498   0.02021         0
     4/299        0G   0.08306   0.02663         0    0.1097         6       640  0.006538    0.3898  0.005098 0.0007319   0.05183   0.02047         0
     5/299        0G   0.06683    0.0278         0   0.09463         6       640   0.01595    0.1017  0.009265  0.001201   0.04773   0.02012         0
     6/299        0G   0.06598   0.02634         0   0.09231         2       640   0.02552    0.1186   0.01482  0.002076   0.04426   0.01999         0
     7/299        0G   0.06405   0.02688         0   0.09093         4       640   0.02027    0.3898   0.01575  0.002723    0.0431   0.01956         0
     8/299        0G   0.05987   0.02865         0   0.08852         5       640   0.06113   0.05085   0.02276  0.004245   0.04147   0.01919         0
     9/299        0G   0.06175   0.02516         0   0.08691         3       640    0.0441     0.339   0.03037  0.006222   0.03981   0.01868         0
    10/299        0G   0.05394   0.02676         0    0.0807         5       640     0.103    0.1525   0.05288   0.01076   0.03805   0.01824         0
    11/299        0G   0.05842   0.03217         0    0.0906         7       640    0.1682     0.322    0.1193   0.03315   0.03757   0.01789         0
    12/299        0G   0.05989   0.03088         0   0.09077         4       640    0.3024    0.2712     0.207    0.0502   0.03665   0.01754         0
    13/299        0G   0.05239   0.03037         0   0.08276         6       640    0.3775    0.4068    0.3186   0.07493   0.03474    0.0173         0
    14/299        0G   0.05457   0.02841         0   0.08297         3       640    0.2929    0.4237    0.2715   0.07372   0.03278   0.01703         0
    15/299        0G   0.04746   0.02497         0   0.07243         4       640    0.5097    0.2881    0.3059   0.07298    0.0317    0.0168         0
    16/299        0G   0.05138   0.02907         0   0.08045         4       640    0.4115    0.4068    0.3223   0.07498   0.03188   0.01653         0
    17/299        0G   0.05457   0.03174         0   0.08631         6       640     0.403    0.3559    0.3142   0.08062   0.03128   0.01645         0
    18/299        0G   0.04958   0.02875         0   0.07832         4       640    0.4427     0.339     0.327   0.08539   0.02936   0.01643         0
    19/299        0G   0.05016   0.02685         0   0.07701         2       640     0.411    0.3051    0.2924   0.06889   0.03053   0.01617         0
    20/299        0G   0.05162   0.02625         0   0.07787         2       640    0.4556     0.339    0.3637   0.09775    0.0286   0.01608         0
    21/299        0G   0.04737   0.02477         0   0.07213         5       640    0.3525    0.4915    0.3843    0.1136   0.02984   0.01571         0
    22/299        0G   0.04259   0.02938         0   0.07197         4       640    0.4102    0.5593    0.3909   0.09669   0.02974   0.01521         0
    23/299        0G   0.04473   0.02658         0   0.07131         6       640    0.4179    0.4381    0.3773   0.07722   0.02952   0.01505         0
    24/299        0G   0.04923   0.02521         0   0.07444         6       640    0.4804    0.4746    0.3464   0.08763   0.03041   0.01444         0
    25/299        0G   0.04144   0.02275         0   0.06419         3       640    0.5159    0.4915    0.3523   0.08482   0.03071   0.01403         0
    26/299        0G   0.04515   0.02739         0   0.07254         5       640    0.5616    0.4559    0.3736   0.08789   0.02787   0.01447         0
    27/299        0G   0.05055   0.02417         0   0.07471         6       640    0.4339    0.4576    0.2997    0.0512   0.03356   0.01348         0
    28/299        0G   0.04975   0.02383         0   0.07357         3       640     0.358    0.4915    0.2531   0.05767   0.03132   0.01357         0
    29/299        0G   0.04526   0.02473         0   0.06999         3       640    0.4906    0.4746    0.3647   0.07581   0.02858   0.01373         0
    30/299        0G   0.04846   0.02476         0   0.07322         6       640    0.3748    0.4572    0.2718   0.06651   0.02706   0.01378         0
    31/299        0G   0.04415   0.02729         0   0.07144         5       640    0.4221    0.5085    0.3307    0.0933    0.0257   0.01381         0
    32/299        0G   0.04996    0.0265         0   0.07645         5       640    0.4352    0.5085    0.3296    0.0653   0.02606   0.01363         0
    33/299        0G   0.04237   0.02381         0   0.06618         5       640    0.4892    0.4059    0.3415   0.07468   0.02851    0.0133         0
    34/299        0G   0.04816   0.02711         0   0.07527         3       640    0.4432    0.5085    0.3485   0.08452   0.02602   0.01345         0
    35/299        0G   0.04779   0.02342         0   0.07121         5       640    0.5236    0.5593    0.4367    0.1138   0.02693   0.01321         0
    36/299        0G   0.05313   0.02656         0   0.07969         3       640    0.2696    0.3898    0.1841   0.02755   0.03419   0.01268         0
    37/299        0G    0.0488   0.02619         0   0.07498         8       640       0.4    0.5424    0.2959   0.06093   0.03402   0.01266         0
    38/299        0G    0.0499   0.02495         0   0.07486         4       640    0.6593    0.5932    0.5417    0.1195   0.02787    0.0126         0
    39/299        0G   0.04313    0.0208         0   0.06393         2       640    0.6349    0.5085    0.4627    0.1234   0.02665   0.01265         0
    40/299        0G   0.05288   0.02447         0   0.07735         6       640    0.2777    0.4746    0.2208   0.03437   0.03241   0.01196         0
    41/299        0G   0.04836   0.02752         0   0.07589         8       640    0.4979    0.5254    0.3937    0.1024   0.02683   0.01231         0
    42/299        0G   0.04781   0.02391         0   0.07172         2       640    0.4632    0.5998    0.4106   0.09697   0.02591   0.01227         0
    43/299        0G   0.03995   0.02457         0   0.06452         5       640    0.5987    0.6068    0.5001    0.1229    0.0257   0.01219         0
    44/299        0G   0.04473   0.02408         0   0.06881         8       640     0.555    0.5763     0.471    0.1323    0.0287   0.01194         0
    45/299        0G   0.04538   0.02365         0   0.06902         3       640    0.5582    0.5424    0.4458    0.1448   0.02642   0.01207         0
    46/299        0G   0.04302   0.02927         0   0.07229         8       640     0.615    0.6102    0.5221    0.1692    0.0247   0.01214         0
    47/299        0G   0.04116   0.02488         0   0.06604         5       640    0.6319    0.5932    0.4953    0.1579   0.02653    0.0118         0
    48/299        0G   0.04114   0.02294         0   0.06409         5       640    0.1778    0.4915    0.1331   0.02384   0.03636   0.01042         0
    49/299        0G   0.04491   0.02221         0   0.06711         9       640    0.3717    0.4576     0.336    0.1174   0.03168   0.01104         0
    50/299        0G   0.04449   0.02314         0   0.06764         5       640    0.4319    0.5424    0.3645    0.0999   0.03278   0.01141         0
    51/299        0G   0.04167   0.02189         0   0.06357         7       640     0.336    0.5593    0.3255   0.09918   0.03175   0.01177         0
    52/299        0G    0.0422   0.02652         0   0.06871         4       640    0.3241    0.4407     0.298   0.07303   0.03205   0.01117         0
    53/299        0G   0.04475   0.02181         0   0.06656         4       640    0.3456    0.5763    0.3228   0.07851   0.03043   0.01165         0
    54/299        0G     0.041   0.02437         0   0.06537         3       640     0.448    0.3898     0.377   0.08872   0.02849   0.01165         0
    55/299        0G   0.03793   0.02426         0   0.06219         5       640    0.3956    0.7458    0.4594    0.1434   0.02625   0.01162         0
    56/299        0G   0.04079   0.02581         0   0.06661         6       640    0.2369    0.5593    0.2372   0.04492   0.03381   0.01052         0
    57/299        0G   0.04349    0.0189         0   0.06238         2       640    0.3687    0.5763    0.3215   0.07449   0.03404   0.01002         0
    58/299        0G   0.04265   0.02181         0   0.06446         3       640    0.3502    0.7119    0.3791    0.1168   0.02736   0.01101         0
    59/299        0G   0.03866   0.02183         0   0.06048         3       640    0.4709    0.6939    0.5091    0.1377   0.03014    0.0107         0
    60/299        0G   0.03938   0.02173         0   0.06111         6       640    0.4709    0.6939    0.5091    0.1377   0.03014    0.0107         0
    61/299        0G   0.04284   0.02139         0   0.06423         3       640    0.4918    0.5763    0.4929    0.1469    0.0313   0.01061         0
    62/299        0G   0.04526   0.02151         0   0.06677         6       640     0.536    0.6271    0.4908    0.1531   0.03204   0.01059         0
    63/299        0G   0.04304   0.02233         0   0.06538         4       640     0.485    0.5424    0.4675     0.136    0.0325   0.01057         0
    64/299        0G   0.04717   0.02235         0   0.06953         8       640    0.6115    0.4576    0.4856    0.1284   0.03367   0.01041         0
    65/299        0G   0.04751   0.02188         0   0.06938         6       640    0.6424    0.4568    0.5207    0.1369   0.03242   0.01053         0
    66/299        0G   0.04354   0.02031         0   0.06384         4       640    0.5768    0.5932     0.534    0.1629    0.0317   0.01054         0
    67/299        0G     0.044   0.02266         0   0.06666         8       640    0.6738    0.5251    0.5662    0.1857   0.03191   0.01043         0
    68/299        0G   0.04458   0.02313         0   0.06771         3       640    0.5889    0.5342    0.5666     0.176   0.03075   0.01043         0
    69/299        0G   0.04129   0.02313         0   0.06442         5       640    0.5804    0.5593    0.5767     0.189   0.02965   0.01046         0
    70/299        0G   0.04626   0.02291         0   0.06916         5       640    0.6725    0.5593     0.581    0.1902   0.02882    0.0104         0
    71/299        0G   0.04225   0.02248         0   0.06474         5       640    0.6465    0.5593    0.5622    0.1819   0.02661   0.01056         0
    72/299        0G   0.04132   0.02256         0   0.06388         4       640    0.6445    0.5593    0.5816    0.2042   0.02531   0.01051         0
    73/299        0G   0.03849   0.02153         0   0.06002         2       640    0.5824    0.4746    0.5296     0.159   0.02759  0.009988         0
    74/299        0G   0.03845   0.02195         0   0.06039         5       640    0.5065    0.5763    0.5611    0.1795   0.02454   0.01033         0
    75/299        0G   0.03391   0.01986         0   0.05377         5       640    0.5122    0.6102    0.5446    0.1592    0.0283   0.00973         0
    76/299        0G   0.03755   0.02101         0   0.05856         3       640    0.5429    0.5593    0.6007    0.1864   0.02711   0.01015         0
    77/299        0G   0.04565   0.02006         0   0.06571         4       640    0.5739    0.5254    0.5316    0.1397   0.02975  0.009522         0
    78/299        0G   0.04354   0.02041         0   0.06395         5       640    0.6025    0.6423    0.6823    0.2619    0.0229   0.01041         0
    79/299        0G   0.04358   0.02355         0   0.06713         5       640    0.6025    0.6423    0.6823    0.2619    0.0229   0.01041         0
    80/299        0G   0.03529   0.02129         0   0.05658         6       640    0.4568    0.6949    0.6408    0.2256    0.0249   0.01034         0
    81/299        0G   0.04523   0.02316         0   0.06839         5       640    0.7007    0.4366    0.6063     0.195   0.02659   0.01031         0
    82/299        0G   0.04049     0.022         0    0.0625         6       640    0.6868    0.4576    0.6243     0.176   0.02571   0.01042         0
    83/299        0G   0.03975   0.01977         0   0.05952         2       640    0.6873    0.4844    0.6377    0.2525   0.02341   0.01064         0
    84/299        0G   0.03473   0.02369         0   0.05841         5       640     0.518    0.6949    0.6235    0.2196   0.02354   0.01051         0
    85/299        0G   0.04376   0.02156         0   0.06532         6       640     0.446    0.8644    0.6077    0.2446   0.02293   0.01042         0
    86/299        0G   0.03555   0.02086         0   0.05641         6       640    0.4477    0.8644    0.6082     0.222   0.02268   0.01039         0
    87/299        0G   0.03759   0.02221         0   0.05979         6       640    0.5432    0.6046    0.5728     0.198    0.0251   0.01014         0
    88/299        0G   0.03229   0.02281         0    0.0551         3       640    0.5945    0.6214    0.5907    0.2091   0.02516   0.01006         0
    89/299        0G   0.03585    0.0223         0   0.05815         5       640    0.6249    0.7458     0.687    0.2602   0.02247  0.009889         0
    90/299        0G   0.04056   0.02377         0   0.06432         6       640    0.5892    0.7119     0.634    0.2474   0.02253   0.00967         0
    91/299        0G   0.03343   0.02219         0   0.05562         2       640    0.5672    0.7797    0.6358     0.236   0.02277   0.00954         0
    92/299        0G   0.03511   0.02155         0   0.05666         4       640    0.5276    0.7797    0.6106    0.2205   0.02374  0.009299         0
    93/299        0G   0.04348   0.02472         0    0.0682         9       640    0.6092    0.7925    0.6365    0.2469   0.02263  0.008893         0
    94/299        0G   0.03689   0.02118         0   0.05807         8       640    0.6264    0.7958    0.7196    0.2455   0.02792  0.008506         0
    95/299        0G   0.03944   0.01717         0   0.05661         5       640    0.6264    0.7958    0.7196    0.2455   0.02792  0.008506         0
    96/299        0G   0.04126   0.01967         0   0.06093         3       640    0.5451    0.7966    0.7051    0.1726   0.03372  0.008084         0
    97/299        0G    0.0432   0.02053         0   0.06373         4       640    0.7995    0.5408    0.6976    0.1838   0.03474  0.008054         0
    98/299        0G   0.03853   0.01969         0   0.05822         5       640    0.8244    0.5569    0.7435    0.2624     0.029  0.008461         0
    99/299        0G   0.03711   0.02348         0   0.06059         4       640    0.5917    0.7797    0.7611    0.3205   0.02339  0.008763         0
   100/299        0G   0.04145   0.02508         0   0.06653         8       640    0.5461    0.8983    0.7564    0.3563   0.02318  0.008497         0
   101/299        0G   0.03844   0.02215         0   0.06058         6       640    0.6266    0.8305    0.8048    0.3753   0.02218  0.008406         0
   102/299        0G   0.03378   0.02003         0   0.05381         6       640    0.6988    0.8305    0.8441    0.3809   0.02069  0.008597         0
   103/299        0G   0.03287   0.02016         0   0.05303         3       640    0.7852    0.7458    0.8515     0.394   0.02015  0.008695         0
   104/299        0G   0.03401   0.01868         0   0.05268         3       640    0.7582    0.8136     0.857    0.3801   0.02015  0.008654         0
   105/299        0G   0.03177   0.02014         0   0.05191         6       640    0.7246    0.8305    0.8275    0.3873   0.01998  0.008408         0
   106/299        0G   0.03536   0.01956         0   0.05492         5       640    0.8365    0.6937    0.8129    0.3579   0.02371  0.007949         0
   107/299        0G   0.03419   0.01926         0   0.05345         3       640    0.7876    0.8802    0.8703    0.4184   0.02067  0.007772         0
   108/299        0G   0.03233   0.01774         0   0.05007         4       640    0.6977    0.9492    0.8531    0.3452   0.02214   0.00813         0
   109/299        0G   0.04146   0.02113         0   0.06259         6       640     0.828    0.8973    0.8873    0.3309   0.02341  0.007651         0
   110/299        0G   0.04233   0.01792         0   0.06025         3       640    0.7939    0.9139    0.8977    0.4247   0.02064   0.00798         0
   111/299        0G   0.04273   0.02208         0   0.06481         4       640    0.7939    0.9139    0.8977    0.4247   0.02064   0.00798         0
   112/299        0G   0.03521   0.02174         0   0.05695         2       640       0.8    0.8135    0.8794    0.3685   0.02444   0.00796         0
   113/299        0G   0.03758   0.02019         0   0.05778         2       640    0.7806    0.7458    0.8173    0.3351    0.0267  0.007975         0
   114/299        0G   0.03661   0.02003         0   0.05665         3       640    0.7088    0.8305    0.8327    0.3347   0.02446  0.008176         0
   115/299        0G   0.03031   0.02049         0    0.0508         3       640    0.7616    0.8136    0.8632    0.3501   0.02287  0.008363         0
   116/299        0G   0.03329   0.02114         0   0.05442         5       640    0.7221     0.881    0.8506    0.3683    0.0219  0.008464         0
   117/299        0G   0.02776   0.01718         0   0.04494         2       640    0.7056    0.8983    0.8548    0.4084   0.02133  0.008444         0
   118/299        0G   0.03893   0.02388         0   0.06281         4       640    0.7212    0.8814    0.8365    0.3695    0.0207  0.008424         0
   119/299        0G    0.0342    0.0216         0    0.0558         4       640    0.6882    0.8644    0.8179     0.373   0.02008  0.008292         0
