      0/99        0G   0.05123   0.08065   0.09214     0.224        10       640    0.2941    0.2113     0.095   0.04822   0.04388   0.04371   0.05428
      1/99        0G   0.05176   0.08696   0.08354    0.2223        16       640     0.283    0.2113   0.09191   0.04238   0.04277   0.04433   0.05434
      2/99        0G    0.0496   0.06974   0.09624    0.2156        15       640    0.3205    0.1972    0.1048    0.0458   0.04227    0.0442   0.05409
      3/99        0G   0.04854   0.07089   0.07422    0.1936        25       640    0.3363    0.2254    0.1161   0.04603   0.04136   0.04362   0.05347
      4/99        0G   0.04526   0.07799   0.08521    0.2085        13       640    0.3115    0.2676    0.1231   0.05049   0.04071   0.04304   0.05286
      5/99        0G   0.04366   0.07581   0.08227    0.2017        27       640    0.3802    0.2676    0.1393   0.05984    0.0401   0.04198   0.05223
      6/99        0G   0.05073   0.07576   0.08282    0.2093        13       640    0.4294    0.2817    0.1601   0.06709   0.03924   0.04058   0.05159
      7/99        0G   0.04315   0.06126   0.08023    0.1846         8       640    0.3911    0.3662    0.2098   0.09077   0.03856   0.03919   0.05094
      8/99        0G   0.04013   0.06142   0.07238    0.1739         8       640    0.4779    0.3662    0.2555    0.1126   0.03785   0.03753   0.04986
      9/99        0G   0.04316   0.06235   0.07837    0.1839         9       640    0.3976    0.5114     0.287     0.128   0.03696   0.03579   0.04901
     10/99        0G   0.04555    0.0709   0.07534    0.1918        12       640    0.4781    0.5352    0.3456    0.1478   0.03606   0.03412   0.04791
     11/99        0G   0.04372   0.06063   0.07928    0.1836        16       640    0.5439     0.504    0.3933    0.1634   0.03501   0.03246   0.04708
     12/99        0G   0.04158   0.06216   0.07368    0.1774        10       640    0.5791     0.507    0.3979    0.1677   0.03438   0.03118   0.04664
     13/99        0G   0.04764   0.06855     0.076    0.1922        10       640    0.5665     0.507    0.4317    0.1827   0.03376   0.02964   0.04608
     14/99        0G   0.03697   0.05105   0.06189    0.1499        16       640    0.5199    0.5634    0.4427     0.194   0.03332   0.02881   0.04534
     15/99        0G   0.04519   0.06496   0.07719    0.1873        15       640     0.582    0.5491    0.4672    0.2083   0.03265   0.02763   0.04438
     16/99        0G   0.04192   0.04467   0.07746    0.1641        12       640    0.6176    0.5915    0.5032    0.2197   0.03217   0.02692   0.04266
     17/99        0G   0.04079   0.05275   0.07324    0.1668        14       640    0.6048    0.6035    0.5123     0.227   0.03197   0.02642   0.04158
     18/99        0G   0.04756   0.05696   0.07289    0.1774        20       640    0.5859    0.6178     0.524     0.243   0.03161   0.02563   0.04025
     19/99        0G   0.03993   0.05627   0.06083     0.157        14       640    0.5428    0.6056    0.5418    0.2501   0.03122   0.02492   0.03908
     20/99        0G    0.0385    0.0487   0.05901    0.1462        21       640    0.6368    0.5775    0.5662    0.2743   0.03083   0.02456   0.03804
     21/99        0G   0.03415   0.04045   0.05203    0.1266        13       640    0.5931    0.6479    0.5887     0.281   0.03062   0.02419    0.0373
     22/99        0G    0.0414   0.04662   0.05914    0.1472        14       640    0.5918     0.633    0.5955    0.2957   0.03047   0.02383   0.03637
     23/99        0G   0.04297   0.04701   0.05548    0.1455         6       640    0.6523    0.5915    0.6308    0.3007   0.03022    0.0235    0.0353
     24/99        0G   0.03121   0.04738   0.04484    0.1234        10       640    0.6177    0.6599    0.6491    0.3174   0.03009   0.02321   0.03419
     25/99        0G   0.03821   0.05131   0.05352     0.143        13       640    0.6433    0.6901    0.6669    0.3262   0.02977    0.0229   0.03333
     26/99        0G   0.03904   0.04558   0.05619    0.1408        15       640    0.6613    0.6901    0.6749    0.3335   0.02942   0.02256   0.03234
     27/99        0G   0.04086   0.05289   0.05737    0.1511        13       640    0.6707    0.7172    0.7019    0.3441   0.02914   0.02229   0.03164
     28/99        0G   0.03775   0.03905    0.0554    0.1322        11       640    0.6848    0.7037    0.7026    0.3507   0.02869   0.02214   0.03096
     29/99        0G   0.04084    0.0508   0.05443    0.1461        14       640    0.7141    0.7038    0.7167    0.3518   0.02845   0.02192   0.03021
     30/99        0G   0.03235   0.03526   0.03868    0.1063        10       640    0.7081    0.7183    0.7221    0.3638   0.02819   0.02178   0.02949
     31/99        0G   0.03558   0.03982    0.0499    0.1253         9       640    0.7355    0.7465     0.741    0.3724   0.02794   0.02164   0.02811
     32/99        0G   0.03563   0.04257   0.04328    0.1215        20       640    0.7199    0.7603    0.7376     0.374   0.02783   0.02149   0.02723
     33/99        0G   0.03601   0.04571   0.04359    0.1253         9       640    0.7284    0.7183    0.7589    0.3754   0.02763   0.02139   0.02589
     34/99        0G   0.03377   0.04086   0.04451    0.1191        10       640    0.7266    0.7183    0.7592    0.3741   0.02755   0.02125   0.02529
     35/99        0G   0.03839   0.03941   0.04113    0.1189        10       640     0.736    0.7461      0.77     0.379   0.02755   0.02112   0.02425
     36/99        0G   0.03396   0.04143   0.04117    0.1166        13       640    0.7462    0.7465    0.7709    0.4017   0.02709   0.02098   0.02327
     37/99        0G   0.03098   0.03861   0.03559    0.1052         9       640     0.717    0.8028    0.7753    0.4002   0.02682   0.02084   0.02268
     38/99        0G   0.03697   0.03238   0.03949    0.1088        16       640    0.7567    0.7446    0.7741    0.3993   0.02685   0.02077   0.02232
     39/99        0G   0.03355   0.03895   0.03672    0.1092        13       640    0.7669    0.7878    0.7813    0.3973   0.02715   0.02051   0.02155
     40/99        0G   0.03893   0.03775   0.04231     0.119         7       640    0.7669    0.7876    0.7895     0.409   0.02681   0.02039     0.021
     41/99        0G   0.04118   0.04812    0.0439    0.1332        20       640    0.7714    0.7605    0.7868    0.4076   0.02667   0.02027   0.02072
     42/99        0G   0.04416    0.0527   0.04422    0.1411        14       640    0.7671    0.7885    0.7935    0.4044   0.02611   0.02005   0.02006
     43/99        0G   0.03929   0.04545   0.03991    0.1246        21       640    0.7962    0.7183    0.7947    0.4128   0.02596   0.01992   0.01963
     44/99        0G   0.03423   0.04423   0.03853     0.117        14       640    0.8116    0.7281    0.8006    0.4238   0.02594   0.01983   0.01938
     45/99        0G   0.03563   0.04896   0.03621    0.1208        15       640     0.812    0.7324    0.8055    0.4355   0.02588   0.01951   0.01877
     46/99        0G   0.03895   0.03375   0.03638    0.1091         6       640     0.803    0.7462    0.8114    0.4387   0.02553   0.01943   0.01837
     47/99        0G   0.03633   0.03643   0.03757    0.1103         8       640    0.8246    0.7324    0.8138    0.4447    0.0254   0.01933   0.01796
     48/99        0G   0.03054   0.03464   0.03338   0.09857        17       640      0.74    0.8028    0.8225    0.4426   0.02525   0.01924   0.01777
     49/99        0G   0.03593   0.03589   0.03415     0.106         8       640    0.8359    0.7172     0.824     0.445   0.02493   0.01909   0.01734
     50/99        0G   0.03542   0.04479   0.03391    0.1141         8       640    0.8028    0.7465    0.8266    0.4432   0.02472   0.01899   0.01695
     51/99        0G   0.03897   0.04164   0.03854    0.1192        11       640    0.7939    0.7606    0.8359    0.4302   0.02463   0.01889   0.01665
     52/99        0G   0.03694   0.03706    0.0363    0.1103        11       640      0.75    0.8449    0.8468    0.4074    0.0249   0.01881   0.01625
     53/99        0G   0.03892   0.04601    0.0319    0.1168        15       640    0.8206    0.7733     0.848     0.408    0.0249   0.01876   0.01589
     54/99        0G   0.03616   0.03994   0.03196    0.1081        17       640    0.8206    0.7733     0.848     0.408    0.0249   0.01876   0.01589
     55/99        0G   0.04055   0.04143   0.03873    0.1207        14       640    0.8234    0.7887    0.8508    0.4187   0.02492   0.01867   0.01566
     56/99        0G   0.03091   0.03333   0.02324   0.08749        17       640    0.8233    0.7887     0.852    0.4141   0.02506   0.01859   0.01533
     57/99        0G   0.03511   0.04076   0.03129    0.1072        15       640    0.8235    0.7887    0.8469    0.4122   0.02516   0.01857   0.01514
     58/99        0G   0.03537    0.0427   0.03183    0.1099         9       640    0.8234    0.7887    0.8475    0.4225   0.02502   0.01854   0.01495
     59/99        0G    0.0382   0.04181   0.03356    0.1136        12       640    0.8235    0.7887    0.8472    0.4326    0.0247   0.01856   0.01479
     60/99        0G   0.03468   0.04403   0.03588    0.1146        14       640    0.8235    0.7886     0.849    0.4367   0.02461   0.01854   0.01463
     61/99        0G   0.03242   0.03985    0.0265   0.09876        18       640    0.8231    0.7887    0.8498    0.4385   0.02442   0.01851   0.01453
     62/99        0G   0.02962   0.03908   0.02255   0.09124        12       640    0.8235    0.7887    0.8494    0.4456   0.02432   0.01847   0.01448
     63/99        0G   0.03303   0.04232   0.02793    0.1033        12       640    0.8234    0.7881    0.8502    0.4514   0.02415   0.01846   0.01444
     64/99        0G   0.04033   0.04396   0.03418    0.1185        17       640    0.8235    0.7887    0.8522     0.466   0.02394   0.01842   0.01429
     65/99        0G   0.03795   0.03496   0.03163    0.1045        17       640    0.7866    0.8305    0.8582    0.4684   0.02375   0.01827   0.01425
     66/99        0G   0.03513   0.04316    0.0307     0.109        18       640    0.7323     0.886    0.8531    0.4737   0.02361   0.01817    0.0141
     67/99        0G   0.03739   0.04146   0.03131    0.1102        25       640    0.8258    0.8015    0.8644    0.4791   0.02342   0.01814   0.01395
     68/99        0G   0.03146   0.04206   0.02865    0.1022        12       640    0.8167    0.8169    0.8665    0.4765   0.02334   0.01805   0.01383
     69/99        0G   0.03971   0.03875    0.0324    0.1109        13       640    0.8138    0.8028    0.8556    0.4917   0.02352   0.01784   0.01374
     70/99        0G   0.02876   0.03944   0.02482   0.09302        20       640    0.8138    0.8028    0.8556    0.4917   0.02352   0.01784   0.01374
     71/99        0G   0.03773    0.0425   0.03053    0.1108         9       640    0.8163    0.8139    0.8738    0.4887   0.02334   0.01776   0.01355
     72/99        0G   0.03195   0.03689   0.02525   0.09409        10       640    0.7701    0.9014    0.8791    0.4941   0.02287   0.01773   0.01334
     73/99        0G   0.03557   0.04111   0.02761    0.1043        14       640     0.761    0.9155    0.8816    0.4981   0.02268   0.01766   0.01312
     74/99        0G   0.03473   0.03715     0.025   0.09688        17       640     0.761    0.9155    0.8816    0.4981   0.02268   0.01766   0.01312
     75/99        0G   0.03705   0.04737   0.02909    0.1135        21       640    0.7646    0.9155    0.8842    0.5033   0.02261   0.01751   0.01299
     76/99        0G   0.03202   0.03851   0.02729   0.09782         9       640    0.8126    0.8592    0.8855    0.5048   0.02249   0.01742   0.01295
     77/99        0G   0.03407    0.0407   0.02795    0.1027        14       640     0.806    0.8873    0.8869    0.4947   0.02232   0.01742   0.01282
     78/99        0G   0.03381   0.03574   0.02593   0.09548        16       640    0.8023    0.9145    0.8891    0.5099   0.02227   0.01739   0.01263
     79/99        0G   0.03493   0.04043   0.02466       0.1        13       640    0.7925    0.9146    0.8909     0.511     0.022   0.01734    0.0124
     80/99        0G   0.03399   0.03744   0.02611   0.09754        13       640    0.7925    0.9146    0.8909     0.511     0.022   0.01734    0.0124
     81/99        0G   0.03585   0.03446   0.02634   0.09665        12       640    0.8004    0.9155    0.8945    0.5162   0.02192   0.01732   0.01212
     82/99        0G   0.03675   0.03095   0.02606   0.09376        11       640     0.792    0.9119     0.891    0.5191   0.02193   0.01727   0.01184
     83/99        0G   0.03482    0.0478   0.02452    0.1071        10       640    0.7764    0.9296    0.8938    0.5021   0.02194   0.01724   0.01159
     84/99        0G    0.0351    0.0456   0.02311    0.1038        17       640    0.7764    0.9296    0.8938    0.5021   0.02194   0.01724   0.01159
     85/99        0G   0.02803   0.02775   0.01909   0.07487        15       640    0.8144    0.9272    0.9015    0.5023   0.02192   0.01717   0.01154
     86/99        0G   0.03358   0.03425   0.02253   0.09036        15       640     0.817    0.9433    0.9086    0.5234    0.0216   0.01722   0.01132
     87/99        0G   0.03364   0.03667   0.02389    0.0942         9       640     0.817    0.9433    0.9086    0.5234    0.0216   0.01722   0.01132
     88/99        0G    0.0304   0.03124   0.02023   0.08187        16       640    0.8043    0.9296    0.9042    0.5247   0.02141   0.01719   0.01105
     89/99        0G   0.03595   0.04011   0.02753    0.1036        14       640    0.8043    0.9296    0.9042    0.5247   0.02141   0.01719   0.01105
     90/99        0G   0.03055   0.04297   0.02177   0.09529         9       640    0.8072    0.9434    0.9052    0.5334   0.02139    0.0171     0.011
     91/99        0G   0.03013   0.03705   0.01918   0.08636        27       640    0.8072    0.9437    0.9069    0.5381   0.02129   0.01706   0.01091
     92/99        0G   0.03553   0.03849   0.02621    0.1002        22       640    0.8072    0.9437    0.9069    0.5381   0.02129   0.01706   0.01091
     93/99        0G   0.03367   0.03836   0.02463   0.09667        20       640     0.817     0.943     0.912    0.5329   0.02137   0.01696    0.0107
     94/99        0G   0.03506   0.04102   0.02495     0.101        19       640     0.839    0.9577    0.9203     0.543   0.02101   0.01691   0.01057
     95/99        0G   0.03652   0.03363   0.02502   0.09517        15       640    0.8394    0.9573    0.9209    0.5445    0.0209   0.01685   0.01048
     96/99        0G    0.0311   0.03223   0.02149   0.08482         9       640    0.8394    0.9573    0.9209    0.5445    0.0209   0.01685   0.01048
     97/99        0G   0.03541   0.04218   0.02425    0.1018        18       640    0.8395    0.9575    0.9197    0.5461    0.0208   0.01683   0.01028
     98/99        0G   0.03318   0.04416   0.02169   0.09903        14       640    0.8395    0.9575    0.9197    0.5461    0.0208   0.01683   0.01028
     99/99        0G   0.02695   0.03537   0.01658    0.0789         5       640    0.8481    0.9435    0.9233    0.5388   0.02078   0.01671   0.01022
