     0/399        0G    0.0908   0.02922         0      0.12         7       640  0.006435    0.2222  0.003184 0.0004655   0.06055   0.02147         0
     1/399        0G   0.09189   0.03102         0    0.1229        14       640  0.005757    0.2222  0.003047 0.0003923   0.05789   0.02093         0
     2/399        0G   0.08224   0.02865         0    0.1109         9       640  0.005902    0.1605  0.003175 0.0004995   0.05378   0.02069         0
     3/399        0G   0.08169   0.03279         0    0.1145        10       640  0.007437    0.4568  0.005279 0.0007898   0.04973      0.02         0
     4/399        0G   0.07581   0.03181         0    0.1076         8       640   0.02482    0.2716   0.01597  0.002295   0.04473   0.01878         0
     5/399        0G   0.06747   0.03262         0    0.1001         5       640   0.01639    0.2346   0.01204   0.00228   0.04046   0.01916         0
     6/399        0G   0.06108   0.02845         0   0.08952         8       640   0.06336    0.1358   0.03391   0.00656   0.03839   0.01832         0
     7/399        0G   0.05529   0.02808         0   0.08338         5       640   0.08432    0.3457   0.06084   0.01356    0.0346   0.01805         0
     8/399        0G   0.05854   0.02996         0   0.08851        10       640    0.1116    0.2346   0.07873   0.01698   0.03437   0.01748         0
     9/399        0G   0.05112   0.03153         0   0.08265        15       640   0.08949    0.1711   0.04939  0.009621   0.03578   0.01614         0
    10/399        0G   0.05468   0.03261         0   0.08729         7       640     0.201    0.1212   0.08501   0.01572   0.03217   0.01633         0
    11/399        0G    0.0496   0.03471         0   0.08431        16       640     0.156    0.4444    0.1614   0.04753   0.02958   0.01612         0
    12/399        0G   0.04752   0.03137         0   0.07889         8       640    0.2631    0.4444    0.2584   0.06812   0.02936   0.01552         0
    13/399        0G   0.05599   0.03203         0   0.08803        15       640    0.3002    0.5556    0.3258    0.1323   0.02794   0.01537         0
    14/399        0G   0.04987   0.03052         0   0.08039        13       640    0.2613    0.4815    0.2513   0.08152    0.0301   0.01544         0
    15/399        0G   0.04387   0.02585         0   0.06972         4       640    0.3528    0.5653    0.4031    0.1554   0.02791   0.01467         0
    16/399        0G   0.04742    0.0297         0   0.07712        11       640    0.3903    0.4568    0.3852    0.1525   0.02671   0.01413         0
    17/399        0G    0.0378   0.02541         0   0.06321         8       640    0.2844    0.5309    0.3013    0.1062   0.02802   0.01359         0
    18/399        0G   0.04695    0.0275         0   0.07445         8       640    0.3839    0.5556     0.403    0.1272   0.02796   0.01299         0
    19/399        0G   0.04728   0.02591         0   0.07319         8       640    0.3705    0.4069    0.3498    0.1491   0.02807   0.01232         0
    20/399        0G   0.04754   0.02928         0   0.07681         8       640    0.4345    0.4938      0.41    0.1741    0.0255   0.01206         0
    21/399        0G   0.03759   0.02265         0   0.06024         9       640    0.7138    0.4074    0.5245    0.2273   0.02457   0.01177         0
    22/399        0G    0.0445   0.02581         0   0.07031         9       640    0.7266    0.4938    0.6141    0.2268   0.02581   0.01102         0
    23/399        0G   0.03831   0.02532         0   0.06364         9       640    0.4881    0.5309    0.5076    0.1515   0.02653   0.01063         0
    24/399        0G   0.04419   0.02298         0   0.06717         6       640    0.5098     0.642     0.534     0.199   0.02356   0.01062         0
    25/399        0G   0.04314   0.02446         0    0.0676         8       640    0.8504     0.642    0.7652    0.3371   0.02219   0.01024         0
    26/399        0G   0.03863   0.02187         0    0.0605         6       640    0.8303    0.6041    0.7036    0.4237   0.02332  0.009685         0
    27/399        0G   0.03824   0.02374         0   0.06198        19       640    0.6903     0.642    0.6819    0.2579   0.02242  0.009725         0
    28/399        0G   0.04323   0.02387         0    0.0671         6       640    0.7639    0.6789    0.7472    0.3864   0.02261  0.009597         0
    29/399        0G   0.04456   0.02135         0   0.06591         5       640    0.6714    0.6667    0.6991     0.436   0.02581  0.009037         0
    30/399        0G   0.03959    0.0225         0   0.06209        10       640    0.8267    0.5926    0.7329    0.4845   0.02474  0.009293         0
    31/399        0G   0.04414   0.02331         0   0.06745         9       640    0.6213    0.6278    0.6349    0.2353   0.02527  0.009021         0
    32/399        0G   0.04451    0.0233         0    0.0678        12       640    0.8229    0.6914    0.7866    0.3495   0.02347  0.008894         0
    33/399        0G   0.04204   0.02148         0   0.06352         6       640    0.6386    0.5679    0.6364    0.3518    0.0234  0.009141         0
    34/399        0G   0.03771   0.02217         0   0.05989        11       640    0.5724    0.7768    0.7171    0.4226   0.02132  0.008791         0
    35/399        0G   0.04086   0.02159         0   0.06245        13       640    0.6666    0.5429    0.6034    0.2206   0.02748  0.008349         0
    36/399        0G   0.04307   0.02116         0   0.06423         8       640    0.5292    0.7778    0.7129    0.3786    0.0236  0.008418         0
    37/399        0G   0.03683   0.02099         0   0.05782         8       640    0.6092     0.712     0.742    0.3855   0.02173  0.008182         0
    38/399        0G   0.04239   0.02134         0   0.06373         5       640    0.6532    0.6049    0.6832    0.3481   0.02142  0.008355         0
    39/399        0G   0.04395   0.02087         0   0.06482        14       640    0.8947    0.6296    0.8301    0.5398   0.01882  0.007802         0
    40/399        0G   0.03536   0.02135         0   0.05671        14       640    0.4147     0.691    0.5342    0.2187   0.02603  0.008211         0
    41/399        0G   0.04084   0.02155         0   0.06239        10       640    0.4145    0.5556    0.4906    0.2329   0.02712  0.008928         0
    42/399        0G   0.04147   0.02192         0   0.06339        12       640    0.4426    0.5802    0.4587    0.1692   0.02337  0.009014         0
    43/399        0G   0.04137     0.023         0   0.06436        14       640    0.5056    0.5177    0.4636    0.2234   0.02309  0.008954         0
    44/399        0G   0.03809   0.02311         0    0.0612        21       640    0.5293    0.5415    0.5519    0.2893   0.02336  0.008844         0
    45/399        0G   0.03835   0.01929         0   0.05763         9       640    0.5211    0.5432    0.5281    0.2684    0.0247  0.008393         0
    46/399        0G   0.03827   0.02097         0   0.05924        13       640    0.4118    0.7531     0.486     0.235   0.02383   0.00842         0
    47/399        0G   0.03729   0.01991         0    0.0572         9       640    0.4565    0.6543    0.5601     0.293   0.02487  0.007775         0
    48/399        0G   0.04185   0.01892         0   0.06077        12       640    0.5469     0.716     0.625    0.2985   0.02353  0.007823         0
    49/399        0G    0.0451   0.02742         0   0.07252        17       640    0.8263    0.7637    0.8367    0.5518   0.02043  0.007646         0
    50/399        0G   0.03945   0.02416         0   0.06362        11       640    0.9116    0.7643    0.8753    0.5258   0.01875  0.007404         0
    51/399        0G   0.03429   0.01962         0    0.0539        18       640    0.9519    0.7407    0.8916    0.5421   0.01905  0.007437         0
    52/399        0G   0.03814   0.02242         0   0.06057        13       640    0.9291    0.8148     0.904    0.5291   0.01978  0.007376         0
    53/399        0G   0.03312   0.01981         0   0.05293         7       640    0.9077    0.7282    0.8857    0.5854   0.01843  0.007457         0
    54/399        0G   0.03576   0.02071         0   0.05647         4       640    0.9275    0.7897    0.9087    0.5742   0.01576  0.007599         0
    55/399        0G   0.02829   0.01645         0   0.04475         3       640    0.9154    0.8148    0.9087    0.6085   0.01485  0.007552         0
    56/399        0G    0.0289   0.01884         0   0.04774        11       640    0.8999    0.7778    0.8926    0.5789   0.01545  0.007564         0
    57/399        0G   0.03908   0.02268         0   0.06176        13       640    0.8658    0.8759    0.9103    0.5873   0.01568  0.007354         0
    58/399        0G   0.03096    0.0206         0   0.05156         8       640    0.9242     0.753    0.8816     0.577   0.01603  0.007435         0
    59/399        0G   0.03089   0.02117         0   0.05206        11       640    0.8105    0.7407    0.8158    0.5333   0.01811  0.007852         0
    60/399        0G   0.03373   0.02159         0   0.05532        16       640    0.8035    0.6667    0.7781    0.5093   0.01824  0.007955         0
    61/399        0G   0.03066   0.01996         0   0.05062         6       640     0.743    0.6783    0.7614     0.508   0.01779  0.008068         0
    62/399        0G   0.03389   0.01917         0   0.05306         6       640    0.7794    0.6542    0.7777    0.5036     0.017  0.008086         0
    63/399        0G   0.03122   0.01992         0   0.05113        11       640     0.776    0.6416    0.7785     0.499   0.01606  0.008244         0
    64/399        0G   0.03509   0.02022         0   0.05531        13       640    0.7763    0.7037    0.7984    0.4948   0.01524    0.0084         0
    65/399        0G   0.03496   0.01906         0   0.05402        12       640    0.8077    0.7777    0.8339    0.5198   0.01492  0.008264         0
    66/399        0G   0.03048   0.01846         0   0.04894         9       640    0.7439    0.8272    0.8217    0.4971   0.01526  0.008302         0
    67/399        0G   0.03832   0.02137         0   0.05968        11       640    0.6696    0.8519     0.815    0.4921   0.01531  0.008354         0
    68/399        0G   0.03221   0.01877         0   0.05097         6       640    0.7774    0.7762    0.8249    0.4667   0.01521  0.008401         0
    69/399        0G   0.03245   0.01926         0   0.05171         9       640    0.7124    0.8272    0.8214    0.4612   0.01607  0.008424         0
    70/399        0G   0.03166   0.01792         0   0.04958        10       640    0.6499    0.8022    0.7762    0.3983   0.01716  0.008616         0
    71/399        0G   0.03844   0.01976         0   0.05821        16       640    0.7243    0.8758      0.86    0.4895   0.01639  0.008157         0
    72/399        0G   0.03705   0.01939         0   0.05645        11       640    0.8148    0.8147     0.883    0.5024   0.01692  0.007768         0
    73/399        0G   0.03272   0.01973         0   0.05245         7       640    0.8391    0.8395     0.902    0.5093    0.0164  0.007708         0
    74/399        0G   0.03494   0.02014         0   0.05507        10       640    0.8246    0.8272    0.8845     0.488   0.01695  0.007688         0
    75/399        0G   0.04097   0.02223         0    0.0632         7       640    0.8703    0.7531    0.8734    0.4513   0.01712  0.007773         0
    76/399        0G   0.03341   0.01723         0   0.05064         7       640    0.9124    0.7901    0.9002    0.5249    0.0165  0.007494         0
    77/399        0G    0.0365   0.02178         0   0.05829         8       640    0.8333    0.8637    0.8896    0.4717   0.01787  0.007763         0
    78/399        0G   0.03731   0.02296         0   0.06028        16       640    0.8518    0.8516    0.8839    0.4475   0.01839  0.007969         0
    79/399        0G   0.03818   0.02084         0   0.05902        10       640    0.8402    0.8519    0.8972    0.4894    0.0171  0.007788         0
    80/399        0G   0.03325   0.02123         0   0.05448         6       640    0.7975    0.8272    0.8585    0.4831    0.0175  0.007935         0
    81/399        0G   0.03591   0.02129         0    0.0572        12       640    0.8288    0.7778    0.8559    0.5088   0.01722  0.008067         0
    82/399        0G   0.03548   0.02292         0    0.0584        10       640    0.8124     0.802    0.8585    0.5331   0.01681  0.008044         0
    83/399        0G   0.03573   0.01932         0   0.05505         6       640    0.8203    0.7901    0.8581    0.5304    0.0166  0.007976         0
    84/399        0G   0.02912   0.01776         0   0.04688         9       640    0.8204    0.7897    0.8611    0.5083   0.01667  0.007891         0
    85/399        0G   0.03493   0.02007         0   0.05499        10       640    0.8673    0.7284    0.8503    0.5155   0.01605  0.007851         0
    86/399        0G   0.02925   0.01892         0   0.04817        13       640    0.8264    0.7654    0.8473    0.5325   0.01553  0.007715         0
    87/399        0G   0.02703   0.01865         0   0.04567        12       640    0.8717    0.7654    0.8545    0.5581   0.01528  0.007565         0
    88/399        0G   0.03485   0.02084         0   0.05568        13       640    0.8857    0.7653    0.8624    0.5567    0.0149  0.007607         0
    89/399        0G   0.03185   0.02347         0   0.05532        16       640     0.863    0.7775    0.8713    0.5661   0.01462  0.007496         0
    90/399        0G    0.0404   0.02028         0   0.06068        11       640    0.8984    0.7654    0.8827    0.5671   0.01484  0.007393         0
    91/399        0G   0.03249   0.02213         0   0.05462         5       640    0.8684    0.8146    0.8945    0.5877   0.01474  0.007299         0
    92/399        0G   0.02897   0.01757         0   0.04654         8       640    0.8684    0.8148    0.8889    0.6148   0.01463  0.007186         0
    93/399        0G   0.03161    0.0199         0    0.0515        11       640    0.9038    0.8148    0.8902    0.6257   0.01498  0.007031         0
    94/399        0G   0.03388   0.02014         0   0.05402         6       640    0.9003    0.7901    0.8991    0.6155    0.0155  0.006956         0
    95/399        0G   0.03109   0.01768         0   0.04877         8       640    0.8767    0.8025    0.9002    0.6221   0.01496  0.006936         0
    96/399        0G   0.02911   0.01866         0   0.04777        12       640     0.914    0.7901    0.9037    0.6024   0.01507  0.006945         0
    97/399        0G   0.03532   0.02009         0   0.05542        14       640      0.89    0.8025    0.8978    0.6119   0.01414  0.006982         0
    98/399        0G   0.03573   0.02213         0   0.05787        12       640    0.9039    0.8148    0.9086    0.6113   0.01387  0.006999         0
    99/399        0G    0.0316   0.01917         0   0.05077         6       640    0.9167    0.8148     0.916    0.6271   0.01363  0.007013         0
   100/399        0G   0.03419   0.01982         0     0.054        14       640    0.9166    0.8148    0.9172    0.6179   0.01334  0.007085         0
   101/399        0G   0.03226   0.02088         0   0.05313        11       640    0.9167    0.8148    0.9152    0.6342   0.01335  0.007064         0
   102/399        0G   0.03288   0.01851         0   0.05139         9       640     0.904    0.8148    0.9195    0.6105   0.01368  0.007107         0
   103/399        0G   0.02698   0.02191         0   0.04889        25       640    0.9167    0.8147     0.927    0.6198   0.01363  0.007107         0
   104/399        0G   0.02912   0.02033         0   0.04945        14       640    0.9167    0.8147    0.9318    0.6283    0.0136  0.007007         0
   105/399        0G   0.03507   0.02163         0    0.0567        12       640    0.9275    0.7901    0.9259     0.629   0.01381  0.006921         0
   106/399        0G   0.03072   0.01765         0   0.04837        12       640    0.9395    0.7778    0.9086    0.5888   0.01482  0.007216         0
   107/399        0G   0.03446   0.02303         0   0.05749        11       640    0.9013    0.7895    0.9014    0.5721   0.01445  0.007292         0
   108/399        0G   0.02804   0.01573         0   0.04377        13       640     0.917    0.6914    0.8648    0.5145   0.01535  0.007547         0
   109/399        0G   0.02987   0.01727         0   0.04714        13       640    0.7282    0.8269    0.8554    0.5106   0.01547  0.007493         0
   110/399        0G   0.02695   0.01733         0   0.04428         7       640    0.8656    0.7157    0.8625    0.4937   0.01539  0.007502         0
   111/399        0G   0.03474   0.02235         0    0.0571        10       640    0.7691    0.8272    0.8741    0.5182    0.0152  0.007297         0
   112/399        0G    0.0287    0.0177         0    0.0464        12       640    0.8108    0.7407    0.8701    0.5252   0.01529    0.0073         0
   113/399        0G    0.0321   0.01892         0   0.05102         5       640    0.9029    0.6914    0.8677    0.5327   0.01515   0.00727         0
   114/399        0G   0.03645   0.02334         0    0.0598         9       640    0.8549    0.7284    0.8697    0.5397   0.01494  0.007285         0
   115/399        0G   0.02922   0.02137         0   0.05059        17       640    0.8545    0.7284    0.8712    0.5589   0.01477  0.007315         0
   116/399        0G   0.02718   0.01975         0   0.04693         9       640    0.8305    0.7901    0.8962    0.5728   0.01418  0.007209         0
   117/399        0G   0.03482   0.02076         0   0.05558        11       640      0.82    0.8519    0.9183    0.5841   0.01368  0.006972         0
   118/399        0G   0.03119   0.01912         0   0.05031         8       640    0.9167    0.8148    0.9261    0.6655   0.01332   0.00647         0
   119/399        0G   0.02843   0.01839         0   0.04681        12       640    0.9165    0.8148     0.929    0.6727   0.01396  0.006366         0
   120/399        0G   0.03503   0.02087         0    0.0559        12       640    0.9177    0.8272    0.9313    0.6596   0.01401  0.006354         0
   121/399        0G    0.0334   0.01722         0   0.05061         5       640     0.942    0.8024    0.9216    0.6256   0.01503  0.006426         0
   122/399        0G   0.02989   0.01911         0     0.049        14       640    0.9687    0.7654    0.9286    0.6296   0.01485  0.006463         0
   123/399        0G   0.03323   0.01996         0   0.05319        11       640    0.9412      0.79    0.9218    0.6527   0.01376  0.006506         0
   124/399        0G   0.03087   0.01681         0   0.04768         8       640    0.9054    0.8271    0.9225    0.6357   0.01426  0.006513         0
   125/399        0G   0.02605   0.01647         0   0.04252        10       640    0.9297    0.8272    0.9294    0.6359   0.01295  0.006586         0
   126/399        0G   0.02541   0.01755         0   0.04297         7       640    0.8961    0.8515    0.9261    0.6134   0.01317  0.006604         0
   127/399        0G   0.03018   0.01954         0   0.04972        12       640    0.8947    0.8395    0.9156    0.6251   0.01339  0.006613         0
   128/399        0G   0.02996   0.01714         0    0.0471         6       640    0.9059    0.8395    0.9206      0.62   0.01333    0.0066         0
   129/399        0G   0.03145   0.01977         0   0.05121        13       640    0.9187    0.8395    0.9289    0.6292   0.01313  0.006524         0
   130/399        0G   0.03045   0.01993         0   0.05038        15       640    0.8673    0.9012     0.931    0.5958    0.0139  0.006517         0
   131/399        0G   0.02868   0.01767         0   0.04635        14       640    0.8959      0.85    0.9289    0.5814   0.01437  0.006453         0
   132/399        0G    0.0332   0.02051         0   0.05371        18       640    0.8859    0.8642    0.9327    0.5768   0.01365  0.006468         0
   133/399        0G   0.03006   0.02121         0   0.05127        15       640    0.8967    0.8642    0.9389    0.5929    0.0131  0.006491         0
   134/399        0G   0.03073   0.02068         0   0.05141        20       640    0.8875    0.8765    0.9379    0.6195    0.0131  0.006486         0
   135/399        0G     0.033   0.01777         0   0.05077         7       640    0.8859    0.8642    0.9399    0.6375   0.01318  0.006424         0
   136/399        0G   0.03151   0.02133         0   0.05284        11       640    0.8775    0.8889    0.9448    0.6378   0.01321  0.006349         0
   137/399        0G   0.02958   0.01799         0   0.04757        13       640    0.8875    0.8761    0.9468    0.6437   0.01337  0.006327         0
   138/399        0G   0.02712   0.02154         0   0.04866        12       640    0.8875    0.8765    0.9419    0.6642   0.01354  0.006323         0
   139/399        0G   0.02551   0.01399         0    0.0395        12       640    0.8571    0.8889    0.9417    0.6368    0.0135  0.006295         0
   140/399        0G   0.03012   0.01843         0   0.04855         9       640    0.8674    0.8886    0.9453    0.6534   0.01318  0.006316         0
   141/399        0G   0.03242   0.02023         0   0.05264         9       640    0.8986    0.8757     0.949    0.6626   0.01296  0.006306         0
   142/399        0G   0.03036   0.01739         0   0.04776        11       640    0.8594    0.9259    0.9584    0.6395   0.01261  0.006255         0
   143/399        0G   0.03586   0.01923         0   0.05509         7       640    0.9102    0.8762    0.9565    0.6073   0.01273  0.006262         0
   144/399        0G   0.03231   0.01685         0   0.04916        11       640    0.8984    0.8765    0.9539    0.6295   0.01264  0.006229         0
   145/399        0G   0.02956   0.01823         0   0.04779        13       640     0.878    0.8881    0.9557    0.6552   0.01232  0.006276         0
   146/399        0G   0.02901   0.01975         0   0.04876         7       640    0.9329    0.8765    0.9582    0.6428   0.01246  0.006393         0
   147/399        0G   0.03118   0.02295         0   0.05414         9       640    0.8915    0.9133    0.9594    0.6412   0.01345  0.006425         0
   148/399        0G   0.03265   0.01895         0   0.05161        12       640    0.9011    0.9012    0.9536    0.6846   0.01337  0.006396         0
   149/399        0G   0.03095   0.01799         0   0.04893        18       640    0.8974    0.8641    0.9517    0.6584   0.01323  0.006482         0
   150/399        0G   0.02397   0.01561         0   0.03958         7       640    0.8771    0.8889    0.9492    0.6162   0.01374  0.006467         0
   151/399        0G   0.02798   0.01737         0   0.04535        13       640    0.8664    0.8889    0.9452    0.6017     0.014  0.006525         0
   152/399        0G   0.02421   0.01886         0   0.04307        16       640     0.878    0.8885    0.9448    0.5816   0.01434  0.006535         0
   153/399        0G   0.02638   0.01693         0   0.04331        16       640    0.8333    0.9259    0.9456    0.6373   0.01377  0.006475         0
   154/399        0G   0.02613   0.01875         0   0.04488         7       640    0.7523    0.9001    0.8995    0.6445   0.01376  0.006511         0
   155/399        0G   0.02669   0.01713         0   0.04383        11       640    0.7704    0.9136    0.9091    0.6589   0.01387  0.006465         0
   156/399        0G   0.02704   0.01688         0   0.04392        12       640    0.7474    0.9136    0.8966    0.6432   0.01384    0.0064         0
   157/399        0G   0.03215   0.01675         0    0.0489        14       640    0.7628    0.9136    0.8989    0.6594   0.01347  0.006238         0
   158/399        0G   0.02957   0.01574         0   0.04532        13       640    0.8876    0.8889    0.9432    0.6935    0.0136  0.006125         0
   159/399        0G   0.03037    0.0149         0   0.04526         9       640    0.9222    0.8889    0.9526    0.6938    0.0135   0.00606         0
   160/399        0G   0.02765   0.01483         0   0.04248         7       640    0.8773    0.8889    0.9307     0.647   0.01433  0.006077         0
   161/399        0G   0.02717   0.01801         0   0.04518         6       640    0.8157    0.8744    0.9113    0.6276   0.01422  0.006036         0
   162/399        0G   0.02622   0.01611         0   0.04233         6       640    0.8452    0.8763    0.9184    0.6131   0.01402  0.006047         0
   163/399        0G   0.02502    0.0156         0   0.04062        14       640     0.887    0.8765    0.9454    0.6786   0.01336  0.006023         0
   164/399        0G   0.02435   0.01616         0   0.04051         8       640    0.9079    0.8514     0.943    0.6722   0.01328  0.006032         0
   165/399        0G   0.02622   0.01775         0   0.04397         5       640    0.9175    0.8272    0.9393    0.6799   0.01334  0.006061         0
   166/399        0G   0.02821    0.0176         0   0.04581         7       640    0.8369     0.887    0.9335    0.6771   0.01366  0.006055         0
   167/399        0G   0.03074   0.01801         0   0.04875         7       640    0.9054    0.8267    0.9311    0.6646   0.01369  0.006055         0
   168/399        0G   0.02634   0.01649         0   0.04283        13       640    0.9412      0.79    0.9311    0.6442   0.01368  0.006085         0
   169/399        0G   0.02452   0.01742         0   0.04194         6       640    0.8917    0.8148    0.9287    0.6379   0.01362  0.006096         0
   170/399        0G   0.02806    0.0187         0   0.04676         8       640    0.8384    0.9012    0.9364    0.6354   0.01373  0.006061         0
   171/399        0G   0.02889   0.01601         0   0.04489         5       640    0.8674    0.8881    0.9418    0.6523   0.01368  0.006058         0
   172/399        0G   0.03206   0.01868         0   0.05073        10       640    0.8785    0.9012    0.9466    0.6466   0.01353  0.006055         0
   173/399        0G    0.0238   0.01823         0   0.04203        10       640    0.8787    0.9012    0.9484    0.6344   0.01337  0.005975         0
   174/399        0G   0.02904   0.01711         0   0.04615         8       640    0.8902    0.9012    0.9538    0.6611   0.01294  0.005944         0
   175/399        0G    0.0243   0.01619         0   0.04048         8       640    0.9078    0.8519     0.948     0.674   0.01287  0.006009         0
   176/399        0G   0.02814   0.01977         0   0.04792        20       640    0.8686    0.9012    0.9475    0.6813   0.01348  0.006011         0
   177/399        0G   0.02758   0.01855         0   0.04613         8       640    0.9324    0.8519    0.9496    0.7093   0.01316  0.006084         0
   178/399        0G   0.02317   0.01552         0    0.0387        10       640    0.9328    0.8642    0.9531    0.6999   0.01269   0.00619         0
   179/399        0G   0.02872   0.01725         0   0.04597        14       640    0.9456    0.8642    0.9559    0.7015   0.01268  0.006232         0
   180/399        0G   0.02721   0.01532         0   0.04254         8       640    0.9469    0.8889    0.9549    0.6967   0.01267  0.006214         0
   181/399        0G   0.03232   0.01964         0   0.05197         7       640    0.9473     0.888    0.9495     0.678    0.0131  0.006251         0
   182/399        0G   0.02912    0.0187         0   0.04782         7       640    0.9231    0.8888    0.9496    0.6918    0.0124  0.006196         0
   183/399        0G   0.03186   0.01636         0   0.04821        10       640     0.935    0.8886    0.9546     0.685   0.01213  0.006089         0
   184/399        0G   0.02474   0.01535         0   0.04009         6       640    0.9474    0.8889    0.9575    0.6515    0.0123  0.006126         0
   185/399        0G   0.02696   0.01961         0   0.04657        14       640    0.9342    0.8889    0.9604    0.6686   0.01236  0.006087         0
   186/399        0G   0.02873   0.01628         0   0.04501        11       640    0.8999    0.8884    0.9567    0.6849   0.01219  0.006089         0
   187/399        0G   0.02272   0.01645         0   0.03917         9       640    0.9113    0.8882    0.9559    0.6768   0.01246  0.006021         0
   188/399        0G   0.03001   0.01808         0   0.04808         8       640    0.8999    0.8889    0.9597    0.6625   0.01246  0.006026         0
   189/399        0G    0.0301    0.0174         0    0.0475        10       640       0.9    0.8886    0.9611    0.6393   0.01261  0.006151         0
   190/399        0G   0.02474   0.01469         0   0.03943        11       640    0.8794    0.9002    0.9605    0.6477   0.01244  0.006166         0
   191/399        0G   0.02232   0.01492         0   0.03724        11       640    0.8996    0.8889    0.9621    0.6614   0.01204  0.006162         0
   192/399        0G   0.02863   0.01649         0   0.04512        14       640     0.922    0.8752    0.9609    0.6637   0.01206  0.006171         0
   193/399        0G   0.02571    0.0159         0   0.04161         9       640    0.8886    0.8889    0.9611    0.6449   0.01224  0.006243         0
   194/399        0G   0.02825   0.01654         0   0.04479         8       640    0.9999    0.7901    0.9542    0.6098   0.01226  0.006332         0
   195/399        0G   0.03041   0.01596         0   0.04638        10       640    0.9999    0.7901    0.9555    0.5867   0.01247  0.006375         0
   196/399        0G    0.0269   0.01642         0   0.04331         9       640         1    0.7901    0.9513    0.5401   0.01324  0.006374         0
   197/399        0G    0.0273   0.01625         0   0.04355        14       640    0.9842    0.7901    0.9551    0.5727     0.013  0.006383         0
   198/399        0G   0.02894    0.0173         0   0.04624        13       640    0.9846    0.7901    0.9563    0.5964   0.01275  0.006407         0
   199/399        0G   0.02839   0.01813         0   0.04652         9       640         1    0.7901    0.9545    0.6395   0.01221  0.006429         0
   200/399        0G   0.02978   0.01824         0   0.04802        12       640    0.9999    0.7901    0.9574    0.6316   0.01242   0.00638         0
   201/399        0G   0.03272   0.01877         0   0.05149        12       640    0.8983    0.8765    0.9616    0.6737   0.01205  0.006285         0
   202/399        0G   0.03361   0.01668         0   0.05029        13       640    0.9102    0.8763    0.9635    0.7089   0.01165  0.006163         0
   203/399        0G   0.02916   0.01844         0    0.0476        11       640    0.8476    0.9613    0.9637    0.7056   0.01149  0.006156         0
   204/399        0G   0.02749   0.01593         0   0.04342         7       640    0.9851    0.8272    0.9631    0.6919   0.01175  0.006127         0
   205/399        0G   0.02629   0.01792         0   0.04421         7       640    0.9855    0.8393    0.9677     0.707   0.01181  0.005975         0
   206/399        0G   0.02549   0.01568         0   0.04117         8       640         1    0.8394    0.9594    0.6872   0.01208   0.00593         0
   207/399        0G   0.02583   0.01814         0   0.04397        13       640    0.9852    0.8272    0.9554     0.664   0.01243  0.005961         0
   208/399        0G   0.02336   0.01861         0   0.04197         7       640    0.9577    0.8391    0.9552    0.6641   0.01211  0.005946         0
   209/399        0G   0.02733   0.01836         0   0.04568         8       640    0.9707    0.8272    0.9533    0.6792   0.01216  0.005925         0
   210/399        0G   0.02926   0.01803         0   0.04729         6       640    0.9571     0.827    0.9542    0.6834   0.01202  0.005914         0
   211/399        0G   0.02867    0.0192         0   0.04788         9       640    0.9998    0.7901    0.9526    0.6955   0.01183  0.005873         0
   212/399        0G    0.0271   0.01945         0   0.04655        11       640         1    0.7901     0.952    0.7031    0.0117  0.005895         0
   213/399        0G   0.02496    0.0174         0   0.04236        10       640    0.9565    0.8272    0.9516    0.6904   0.01182  0.005961         0
   214/399        0G   0.03084   0.01763         0   0.04847        11       640         1    0.7901    0.9507    0.6966   0.01162   0.00594         0
   215/399        0G    0.0231   0.01783         0   0.04093        19       640         1    0.7901    0.9466    0.6755   0.01179  0.006017         0
   216/399        0G   0.02654   0.01912         0   0.04566        12       640         1    0.7901    0.9472    0.6552   0.01195  0.006041         0
   217/399        0G   0.03185   0.01798         0   0.04983        12       640         1    0.7901     0.948    0.6312   0.01237  0.006093         0
   218/399        0G   0.02469   0.01772         0   0.04241        11       640         1    0.7901    0.9456    0.6543   0.01176  0.006092         0
   219/399        0G   0.02308    0.0178         0   0.04088        12       640    0.9999    0.7901    0.9444    0.6478   0.01171  0.006071         0
   220/399        0G   0.02909   0.01825         0   0.04734        13       640         1    0.7901    0.9451    0.6617   0.01146  0.006027         0
   221/399        0G   0.02424   0.01644         0   0.04068        15       640         1    0.7901    0.9465    0.6652   0.01135  0.005951         0
   222/399        0G   0.03092   0.01922         0   0.05014        10       640    0.9998    0.7901    0.9522    0.6817    0.0113   0.00599         0
   223/399        0G   0.02384   0.01743         0   0.04127         9       640         1    0.7901    0.9498     0.698   0.01116  0.005935         0
   224/399        0G    0.0252   0.01579         0   0.04098         5       640         1    0.7901    0.9524    0.6848   0.01144  0.005941         0
   225/399        0G    0.0223   0.01593         0   0.03823         8       640         1    0.7901    0.9504    0.6905   0.01115   0.00591         0
   226/399        0G   0.02542   0.01446         0   0.03988         7       640    0.9999    0.7901    0.9509    0.6804   0.01137  0.005928         0
   227/399        0G   0.02586   0.01745         0   0.04331        12       640    0.9999    0.7901     0.955    0.6366   0.01182  0.005966         0
   228/399        0G   0.02691   0.01668         0   0.04359         8       640    0.9992    0.7901    0.9544    0.6233   0.01208  0.005946         0
   229/399        0G   0.02453   0.01671         0   0.04124         9       640    0.9846      0.79    0.9559    0.6526   0.01199  0.005934         0
   230/399        0G   0.02503   0.01829         0   0.04332        14       640    0.8672    0.8889    0.9587    0.6623   0.01203  0.005896         0
   231/399        0G   0.02112   0.01638         0    0.0375        11       640    0.8506    0.9259    0.9626    0.6583   0.01191  0.005844         0
   232/399        0G   0.02114   0.01713         0   0.03827         9       640    0.8366    0.9479    0.9611    0.6837   0.01177  0.005891         0
   233/399        0G   0.02146   0.01525         0   0.03671        13       640    0.8457    0.9472    0.9627    0.7101   0.01147  0.005902         0
   234/399        0G     0.025   0.01616         0   0.04116         9       640         1    0.7901    0.9606    0.7186   0.01136  0.005863         0
   235/399        0G   0.02742   0.01497         0   0.04238        12       640    0.9189    0.8388    0.9603    0.7161   0.01137  0.005852         0
   236/399        0G   0.02602   0.01835         0   0.04437         3       640    0.9188    0.8395     0.961    0.7043   0.01118  0.005863         0
   237/399        0G   0.02575   0.01658         0   0.04233         5       640    0.8503    0.9136    0.9639    0.6902   0.01128  0.005878         0
   238/399        0G   0.02604      0.02         0   0.04604        15       640    0.8504    0.9126    0.9639    0.6917   0.01124   0.00587         0
   239/399        0G   0.02604   0.01709         0   0.04313         9       640    0.9315    0.8388    0.9581    0.6537   0.01189  0.005973         0
   240/399        0G   0.02763   0.01849         0   0.04612         3       640    0.8278    0.9495    0.9619     0.661   0.01182  0.005901         0
   241/399        0G   0.01872   0.01318         0    0.0319        11       640    0.8477     0.963    0.9668    0.6676   0.01167  0.005858         0
   242/399        0G   0.02206   0.01569         0   0.03775         6       640    0.8473     0.959    0.9637    0.6747    0.0116  0.005852         0
   243/399        0G   0.02728   0.01757         0   0.04486         7       640    0.8382    0.9591    0.9659    0.6758   0.01168  0.005835         0
   244/399        0G   0.02863   0.01886         0   0.04749        16       640    0.9099    0.8765    0.9656    0.6831   0.01176  0.005837         0
   245/399        0G   0.02793   0.01829         0   0.04622         7       640    0.9333     0.864    0.9667     0.654   0.01222  0.005834         0
   246/399        0G   0.02095   0.01595         0   0.03691        11       640    0.9589    0.8636    0.9693    0.6637   0.01272  0.005782         0
   247/399        0G   0.02388   0.02012         0     0.044        20       640    0.9459    0.8641    0.9704    0.6898   0.01228  0.005744         0
   248/399        0G   0.02433   0.01867         0   0.04299        14       640    0.9454    0.8642    0.9693    0.7007   0.01224  0.005722         0
   249/399        0G   0.02054   0.01595         0   0.03649        14       640     0.958    0.8519    0.9677    0.7136    0.0118  0.005696         0
   250/399        0G   0.02522   0.01574         0   0.04096        14       640    0.9342    0.8764    0.9691    0.7007   0.01203  0.005645         0
   251/399        0G   0.02652    0.0175         0   0.04402        10       640    0.9221    0.8764    0.9675    0.7039   0.01177   0.00561         0
   252/399        0G   0.02816   0.01768         0   0.04584        14       640    0.9583    0.8519    0.9678    0.7144   0.01168  0.005582         0
   253/399        0G   0.02071   0.01588         0   0.03659        11       640    0.9583    0.8517    0.9702    0.7224   0.01183  0.005565         0
   254/399        0G   0.02319   0.01599         0   0.03917        15       640       0.9    0.9136    0.9636    0.7236   0.01215  0.005565         0
   255/399        0G   0.02493   0.01511         0   0.04005        12       640     0.924    0.9007    0.9722    0.7298   0.01164  0.005528         0
   256/399        0G   0.02696   0.01581         0   0.04276        18       640    0.9348    0.9136    0.9731    0.7326   0.01143  0.005527         0
   257/399        0G   0.02678   0.01724         0   0.04402        16       640    0.9358    0.9136    0.9742    0.7366   0.01176  0.005586         0
   258/399        0G   0.02628   0.01607         0   0.04235        13       640    0.8939    0.9365    0.9705    0.7295   0.01197  0.005624         0
   259/399        0G    0.0221    0.0158         0    0.0379        12       640    0.9045     0.936      0.97    0.7333   0.01208  0.005603         0
   260/399        0G   0.02519   0.01625         0   0.04144         8       640    0.9134    0.9383    0.9715    0.7087   0.01223  0.005581         0
   261/399        0G   0.02638   0.01554         0   0.04192        16       640    0.9144    0.9233    0.9715    0.7317   0.01147  0.005533         0
   262/399        0G   0.02561   0.01722         0   0.04282        13       640    0.8937    0.9383    0.9696    0.7372     0.011  0.005492         0
   263/399        0G   0.02225   0.01674         0   0.03899        11       640    0.8928    0.9259    0.9666    0.7286     0.011  0.005503         0
   264/399        0G   0.02784   0.01951         0   0.04735        18       640    0.9358    0.9003     0.965    0.7167   0.01137  0.005526         0
   265/399        0G   0.02601   0.01601         0   0.04202        14       640    0.9234    0.9012    0.9645    0.7006   0.01151  0.005571         0
   266/399        0G   0.02232   0.01628         0    0.0386        10       640    0.9123    0.9136    0.9648    0.6944   0.01156  0.005577         0
   267/399        0G   0.02478   0.01775         0   0.04253         3       640    0.9718    0.8517    0.9631    0.7004   0.01144  0.005582         0
   268/399        0G   0.02447     0.016         0   0.04047        12       640    0.9479    0.9012    0.9648    0.7361   0.01092   0.00557         0
   269/399        0G   0.02366   0.01807         0   0.04173        15       640    0.9471    0.9012     0.964     0.735   0.01074  0.005572         0
   270/399        0G   0.02845   0.01674         0   0.04519        14       640    0.9728    0.9012    0.9652    0.7363   0.01081  0.005566         0
   271/399        0G   0.02798   0.01651         0   0.04449        13       640    0.9605    0.9009    0.9635    0.7349   0.01098   0.00559         0
   272/399        0G   0.02126   0.01733         0   0.03859        13       640    0.9478    0.9012    0.9625    0.7428   0.01099  0.005575         0
   273/399        0G   0.02357   0.01677         0   0.04034        13       640    0.9359    0.9012    0.9593    0.7322   0.01102  0.005571         0
   274/399        0G   0.02916   0.01826         0   0.04742        12       640     0.913    0.9136    0.9587    0.7345   0.01095  0.005551         0
   275/399        0G    0.0227   0.01631         0   0.03901        11       640     0.924    0.9012      0.96    0.7279   0.01079  0.005496         0
   276/399        0G   0.02418   0.01715         0   0.04133        10       640      0.96    0.8888    0.9609    0.7062   0.01087  0.005531         0
   277/399        0G    0.0278    0.0164         0    0.0442         9       640    0.9598    0.8889    0.9622     0.682   0.01138  0.005599         0
   278/399        0G   0.02565   0.01652         0   0.04216        13       640      0.96    0.8884    0.9636    0.6851   0.01152  0.005634         0
   279/399        0G   0.02504   0.01784         0   0.04287        12       640    0.9474    0.8887    0.9636    0.7115   0.01122  0.005614         0
   280/399        0G   0.02509   0.01415         0   0.03923        11       640    0.9472    0.8889    0.9619    0.7183   0.01106  0.005625         0
   281/399        0G   0.02783   0.01569         0   0.04351        16       640    0.9348    0.8889    0.9594    0.7245   0.01102  0.005663         0
   282/399        0G   0.01958   0.01806         0   0.03764        10       640    0.9227    0.9012    0.9618    0.7109   0.01113  0.005689         0
   283/399        0G   0.02114   0.01518         0   0.03632        11       640    0.9472    0.8889    0.9605    0.7232   0.01095  0.005693         0
   284/399        0G   0.02329   0.01728         0   0.04057         9       640     0.924    0.9012    0.9587    0.7333   0.01096  0.005689         0
   285/399        0G    0.0234   0.01431         0   0.03771         8       640    0.9231    0.8889    0.9548    0.7418   0.01093  0.005693         0
   286/399        0G    0.0198   0.01462         0   0.03442        10       640    0.9023    0.9125    0.9569    0.7654   0.01083  0.005644         0
   287/399        0G    0.0222   0.01612         0   0.03832         7       640    0.9124    0.9136    0.9581    0.7534   0.01063  0.005668         0
   288/399        0G    0.0291   0.01748         0   0.04658         9       640    0.8809    0.9131    0.9568    0.7436   0.01063  0.005628         0
   289/399        0G   0.02332   0.01645         0   0.03977        14       640     0.879    0.9012    0.9539     0.738   0.01056  0.005608         0
   290/399        0G   0.02389   0.01581         0    0.0397        10       640    0.8902    0.9009    0.9529    0.7453    0.0104  0.005568         0
   291/399        0G   0.02256    0.0161         0   0.03866        12       640    0.9583    0.8515    0.9582    0.7499   0.01031  0.005515         0
   292/399        0G   0.02303   0.01705         0   0.04009        13       640    0.9005    0.9012     0.961    0.7469   0.01041  0.005511         0
   293/399        0G   0.02414   0.01833         0   0.04247         5       640    0.8809    0.9127    0.9602    0.7602   0.01033   0.00548         0
   294/399        0G    0.0233   0.01642         0   0.03973        12       640    0.8809    0.9133    0.9589    0.7708   0.01023  0.005471         0
   295/399        0G    0.0227   0.01552         0   0.03822        13       640     0.933    0.8642    0.9604    0.7724    0.0102  0.005443         0
   296/399        0G   0.01961   0.01619         0    0.0358         4       640    0.9209    0.8642      0.96    0.7733   0.01029  0.005489         0
   297/399        0G   0.02461   0.01793         0   0.04254        10       640    0.8998    0.8874    0.9594    0.7762   0.01024  0.005466         0
   298/399        0G   0.02569   0.01734         0   0.04303         7       640     0.863    0.9383    0.9612    0.7714   0.01031  0.005449         0
   299/399        0G     0.024   0.01617         0   0.04017        18       640    0.8555    0.9499    0.9608    0.7665   0.01038  0.005448         0
   300/399        0G   0.02503   0.01427         0   0.03931         7       640    0.8651    0.9497    0.9618    0.7658   0.01032  0.005448         0
   301/399        0G    0.0249   0.01732         0   0.04221        14       640    0.8914    0.9123    0.9624    0.7613   0.01031  0.005476         0
   302/399        0G   0.02439   0.01606         0   0.04045        12       640     0.873    0.9383    0.9641    0.7624   0.01026  0.005469         0
   303/399        0G   0.01903   0.01621         0   0.03523         7       640    0.8699    0.9259    0.9627    0.7548   0.01025  0.005472         0
   304/399        0G   0.01891   0.01537         0   0.03428         8       640    0.8925    0.9259     0.965    0.7649   0.01021  0.005445         0
   305/399        0G   0.02251   0.01978         0   0.04229        13       640    0.8635    0.9375    0.9649    0.7592   0.01024  0.005467         0
   306/399        0G    0.0281   0.01754         0   0.04565         8       640     0.872    0.9255    0.9644      0.75   0.01031   0.00547         0
   307/399        0G   0.02038   0.01586         0   0.03624        17       640    0.8909    0.9136    0.9651    0.7581   0.01028  0.005433         0
   308/399        0G   0.02081   0.01686         0   0.03767         6       640    0.9123    0.8993    0.9651    0.7444   0.01033   0.00544         0
   309/399        0G    0.0248   0.01519         0   0.03999         5       640     0.872    0.9251    0.9643    0.7447   0.01042  0.005428         0
   310/399        0G   0.01976   0.01434         0    0.0341         8       640    0.8906    0.9136    0.9656    0.7384   0.01056  0.005437         0
   311/399        0G   0.02304   0.01507         0   0.03811         6       640    0.8823    0.9252    0.9655    0.7457   0.01065  0.005447         0
   312/399        0G   0.02129   0.01579         0   0.03708         7       640    0.9023    0.9259    0.9662    0.7428   0.01077  0.005459         0
   313/399        0G    0.0225   0.01552         0   0.03801         7       640    0.8923    0.9259    0.9658    0.7394   0.01089  0.005423         0
   314/399        0G   0.02461   0.01438         0   0.03899         4       640     0.894    0.9373    0.9673    0.7383   0.01111  0.005438         0
   315/399        0G   0.02005   0.01525         0    0.0353        11       640    0.9031    0.9259     0.968     0.743   0.01083  0.005412         0
   316/399        0G   0.02333    0.0159         0   0.03923        16       640    0.9032    0.9259    0.9699    0.7318   0.01046  0.005395         0
   317/399        0G   0.02091   0.01503         0   0.03594        10       640    0.9141    0.9259    0.9679    0.7474   0.01019  0.005418         0
   318/399        0G   0.02401   0.01564         0   0.03965         9       640    0.9356    0.9012    0.9682    0.7508   0.01029  0.005446         0
   319/399        0G   0.02131   0.01747         0   0.03878        12       640    0.9259    0.9253    0.9686    0.7618   0.01043  0.005465         0
   320/399        0G   0.02192   0.01427         0   0.03619         9       640    0.9359     0.901    0.9676    0.7633   0.01029   0.00544         0
   321/399        0G   0.02466   0.01596         0   0.04062        12       640    0.9156    0.9379    0.9702    0.7644   0.01035  0.005472         0
   322/399        0G   0.02261   0.01679         0   0.03939        15       640    0.9375    0.9256    0.9718    0.7667   0.01027  0.005492         0
   323/399        0G   0.02038   0.01425         0   0.03462         8       640    0.9156     0.938    0.9717    0.7572   0.01018  0.005471         0
   324/399        0G   0.02069   0.01634         0   0.03703        15       640    0.9166    0.9506    0.9726    0.7559   0.01001   0.00545         0
   325/399        0G   0.02664   0.01778         0   0.04442         9       640     0.927    0.9506    0.9748    0.7514   0.01003  0.005414         0
   326/399        0G   0.02486   0.01667         0   0.04153        12       640    0.9155    0.9506    0.9744    0.7605  0.009994  0.005414         0
   327/399        0G    0.0282   0.01397         0   0.04217         6       640    0.8959     0.963    0.9735    0.7747   0.01003  0.005394         0
   328/399        0G   0.02177   0.01602         0   0.03779        15       640    0.8874    0.9733    0.9734    0.7772   0.01013  0.005421         0
   329/399        0G   0.02202   0.01744         0   0.03946        10       640    0.9058      0.95    0.9732    0.7776   0.01004  0.005419         0
   330/399        0G   0.02043   0.01373         0   0.03416         6       640    0.8862    0.9611    0.9727    0.7675   0.01008  0.005411         0
   331/399        0G   0.02524   0.01672         0   0.04196         7       640    0.8775    0.9731    0.9711    0.7646   0.01009  0.005428         0
   332/399        0G   0.02285   0.01713         0   0.03998        14       640     0.873    0.9506    0.9697    0.7694   0.01009  0.005452         0
   333/399        0G   0.02431    0.0172         0   0.04151         7       640    0.8549     0.963    0.9688    0.7663   0.01016  0.005477         0
   334/399        0G   0.02157   0.01533         0    0.0369        10       640    0.8545     0.963    0.9694    0.7581   0.01029  0.005547         0
   335/399        0G   0.02587   0.01606         0   0.04193        14       640    0.8762    0.9607     0.972    0.7416   0.01046  0.005538         0
   336/399        0G   0.02356   0.01464         0    0.0382        16       640     0.903    0.9259     0.971     0.747   0.01046  0.005499         0
   337/399        0G   0.02099   0.01458         0   0.03557        11       640    0.9024    0.9259    0.9715    0.7491   0.01044  0.005501         0
   338/399        0G   0.02745   0.01766         0   0.04511         6       640    0.8763    0.9619    0.9705    0.7582    0.0104  0.005485         0
   339/399        0G   0.02396   0.01708         0   0.04103        10       640    0.8666    0.9627    0.9728    0.7422   0.01041   0.00548         0
   340/399        0G   0.01969   0.01534         0   0.03503        12       640     0.868     0.974     0.974     0.741   0.01044  0.005461         0
   341/399        0G   0.02332   0.01605         0   0.03936         8       640    0.8662    0.9753    0.9736    0.7427   0.01043  0.005466         0
   342/399        0G   0.02329   0.01757         0   0.04085        16       640    0.8763     0.962    0.9739    0.7429   0.01045  0.005473         0
   343/399        0G   0.02415    0.0171         0   0.04125        11       640    0.8757     0.963    0.9727    0.7514   0.01026  0.005471         0
   344/399        0G   0.02285   0.01629         0   0.03915        12       640    0.8763    0.9622     0.972    0.7611   0.01017  0.005452         0
   345/399        0G   0.02115   0.01606         0   0.03721         9       640    0.8764     0.963    0.9723    0.7762      0.01  0.005417         0
   346/399        0G   0.02123   0.01529         0   0.03652        10       640    0.8762     0.963    0.9716    0.7746  0.009937  0.005405         0
   347/399        0G    0.0247   0.01635         0   0.04104        14       640     0.886     0.963    0.9704    0.7721  0.009875  0.005421         0
   348/399        0G   0.02192     0.018         0   0.03992        14       640    0.8758     0.963    0.9707    0.7786  0.009831  0.005405         0
   349/399        0G   0.02044   0.01538         0   0.03582         7       640    0.8764    0.9626    0.9708    0.7778  0.009969  0.005408         0
   350/399        0G   0.02997   0.01506         0   0.04504         4       640    0.8857     0.963    0.9718    0.7647   0.01014    0.0054         0
   351/399        0G   0.02179   0.01394         0   0.03573         9       640     0.885     0.963    0.9715    0.7398    0.0103  0.005423         0
   352/399        0G   0.03162   0.01614         0   0.04775         7       640    0.9057    0.9491    0.9727    0.7333    0.0103  0.005448         0
   353/399        0G    0.0196   0.01402         0   0.03361        10       640    0.9142    0.9259    0.9711      0.75   0.01017   0.00545         0
   354/399        0G   0.02377   0.01459         0   0.03837        12       640    0.9058    0.9498    0.9716    0.7664   0.01016  0.005429         0
   355/399        0G   0.02524   0.01847         0    0.0437        11       640    0.8952    0.9496    0.9701    0.7711   0.01005  0.005423         0
   356/399        0G   0.01986   0.01466         0   0.03453        14       640     0.894    0.9506    0.9689    0.7763      0.01   0.00539         0
   357/399        0G   0.02221   0.01685         0   0.03906        14       640    0.8551    0.9506    0.9638    0.7744  0.009947  0.005389         0
   358/399        0G   0.02455   0.01612         0   0.04067        13       640    0.8386    0.9625    0.9629    0.7756  0.009997  0.005421         0
   359/399        0G   0.02084   0.01721         0   0.03805        14       640    0.8639    0.9506    0.9631    0.7674   0.01001  0.005402         0
   360/399        0G   0.02027   0.01565         0   0.03592        12       640    0.8651    0.9499    0.9642    0.7675   0.01001  0.005407         0
   361/399        0G   0.01935   0.01325         0    0.0326         9       640    0.8745    0.9506    0.9648    0.7687   0.01001  0.005407         0
   362/399        0G   0.02122   0.01713         0   0.03835        13       640    0.8554    0.9494    0.9627    0.7481   0.01018  0.005437         0
   363/399        0G   0.02003   0.01609         0   0.03611         9       640     0.863    0.9506    0.9651    0.7497   0.01013   0.00541         0
   364/399        0G   0.02216   0.01501         0   0.03718         8       640    0.8743    0.9506     0.967    0.7633   0.01008  0.005398         0
   365/399        0G   0.02593   0.01568         0   0.04161         7       640    0.8643    0.9506    0.9677    0.7602   0.01012  0.005408         0
   366/399        0G   0.02148   0.01719         0   0.03866         9       640    0.8551    0.9506    0.9656    0.7593   0.01007  0.005435         0
   367/399        0G   0.02043   0.01452         0   0.03495         9       640    0.8502    0.9506    0.9643    0.7607   0.01002  0.005412         0
   368/399        0G   0.02171   0.01461         0   0.03632         7       640    0.8537    0.9366    0.9644    0.7583  0.009905  0.005411         0
   369/399        0G    0.0188   0.01509         0   0.03389        10       640    0.8895    0.9012    0.9636    0.7589  0.009864  0.005405         0
   370/399        0G   0.02235    0.0146         0   0.03695         9       640       0.9    0.8886    0.9637    0.7609  0.009994  0.005356         0
   371/399        0G   0.01895    0.0143         0   0.03325         7       640    0.9024    0.9127    0.9685     0.758   0.01001   0.00534         0
   372/399        0G   0.02543    0.0164         0   0.04183         8       640    0.8642    0.9506    0.9679    0.7582  0.009924  0.005316         0
   373/399        0G   0.01931   0.01546         0   0.03476         7       640    0.9024    0.9129    0.9673    0.7586  0.009912  0.005299         0
   374/399        0G   0.02595   0.01495         0    0.0409        17       640    0.8729    0.9383    0.9668    0.7563   0.01006  0.005309         0
   375/399        0G    0.0219   0.01597         0   0.03787         9       640    0.9109    0.8889    0.9669    0.7511   0.01029  0.005334         0
   376/399        0G   0.02216   0.01693         0   0.03908        15       640    0.8732    0.9383    0.9672    0.7497    0.0105  0.005326         0
   377/399        0G   0.02515   0.01722         0   0.04238         6       640    0.8822    0.9249    0.9672    0.7427   0.01075  0.005323         0
   378/399        0G   0.02327   0.01594         0   0.03921         9       640    0.8823    0.9255    0.9673    0.7513   0.01066  0.005329         0
   379/399        0G   0.02539   0.01563         0   0.04102        18       640    0.8915    0.9131    0.9678    0.7881   0.01028  0.005308         0
   380/399        0G   0.01923   0.01493         0   0.03416        11       640    0.8819    0.9259    0.9679    0.7866  0.009852  0.005285         0
   381/399        0G   0.02229   0.01428         0   0.03657         4       640    0.8928    0.9255     0.968    0.7841  0.009647   0.00529         0
   382/399        0G   0.02125   0.01497         0   0.03622         8       640    0.8819    0.9259    0.9659    0.7724  0.009705  0.005272         0
   383/399        0G   0.02265   0.01504         0    0.0377        10       640    0.8823    0.9257    0.9665    0.7793  0.009684   0.00523         0
   384/399        0G   0.02495   0.01392         0   0.03887        10       640    0.8829    0.9383    0.9685    0.7701  0.009906  0.005218         0
   385/399        0G   0.02221   0.01731         0   0.03952         8       640    0.9036    0.9254    0.9687    0.7738   0.01006  0.005217         0
   386/399        0G   0.02654   0.01503         0   0.04158         7       640     0.894    0.9367    0.9677    0.7913   0.01013  0.005179         0
   387/399        0G   0.02627   0.01553         0   0.04181        18       640    0.9046    0.9369    0.9686    0.7925   0.01012  0.005185         0
   388/399        0G   0.02068   0.01819         0   0.03888        11       640    0.9156    0.9374    0.9687     0.795   0.01007  0.005181         0
   389/399        0G   0.02296    0.0188         0   0.04176        14       640    0.9045    0.9383    0.9701    0.7931  0.009938  0.005182         0
   390/399        0G   0.02005   0.01491         0   0.03496         6       640    0.9257    0.9136    0.9703    0.7908  0.009843  0.005173         0
   391/399        0G    0.0227    0.0154         0   0.03811         9       640    0.9044    0.9383    0.9696    0.7872  0.009713   0.00515         0
   392/399        0G   0.02239    0.0166         0     0.039        13       640    0.8938    0.9383    0.9713    0.7851  0.009703   0.00516         0
   393/399        0G    0.0225   0.01485         0   0.03736        13       640    0.8936    0.9383    0.9719    0.8024  0.009623  0.005147         0
   394/399        0G   0.02219   0.01498         0   0.03716         8       640    0.9146    0.9255    0.9726    0.8043  0.009548  0.005123         0
   395/399        0G   0.02109   0.01508         0   0.03617         6       640    0.9157    0.9382    0.9724     0.801  0.009519  0.005122         0
   396/399        0G   0.02626   0.01854         0    0.0448        18       640    0.9127    0.9259    0.9681    0.8047  0.009386  0.005115         0
   397/399        0G   0.02049   0.01631         0   0.03681         8       640    0.9123    0.9012    0.9677    0.8034  0.009294  0.005115         0
   398/399        0G   0.02245    0.0139         0   0.03635        13       640    0.8928    0.9255     0.968    0.8052  0.009191  0.005107         0
   399/399        0G   0.01936   0.01548         0   0.03485        12       640    0.8928    0.9253    0.9678     0.807  0.009234  0.005109         0
