    0/1499        0G   0.06333   0.02501   0.06324    0.1516         2       640         0         0         0         0   0.03558   0.02301   0.03768
    1/1499        0G   0.07306   0.03012   0.07735    0.1805         6       640         0         0         0         0   0.03532   0.02287   0.03759
    2/1499        0G   0.07632   0.02722   0.07635    0.1799         4       640         0         0         0         0   0.03522   0.02274   0.03745
    3/1499        0G   0.07616   0.02894   0.07816    0.1833         6       640         0         0         0         0    0.0348   0.02247   0.03734
    4/1499        0G   0.05894    0.0273   0.06046    0.1467         5       640         0         0         0         0   0.03465   0.02215    0.0372
    5/1499        0G   0.07048   0.02579   0.07592    0.1722         4       640         0         0         0         0   0.03444   0.02189   0.03702
    6/1499        0G   0.05787    0.0286   0.06108    0.1475         6       640         0         0         0         0   0.03421   0.02157    0.0369
    7/1499        0G   0.07291    0.0265   0.07428    0.1737         6       640         0         0         0         0   0.03416   0.02115   0.03671
    8/1499        0G   0.07058   0.02472   0.07456    0.1699         4       640         0         0         0         0   0.03404   0.02094   0.03645
    9/1499        0G    0.0562   0.02858   0.05934    0.1441         5       640         0         0         0         0   0.03374   0.02058   0.03624
   10/1499        0G   0.06801   0.03079   0.07044    0.1692         7       640         0         0         0         0   0.03335   0.02031   0.03598
   11/1499        0G   0.06031    0.0276   0.06915    0.1571         6       640         0         0         0         0   0.03277   0.02014   0.03568
   12/1499        0G   0.06186   0.02764   0.06943    0.1589         6       640         0         0         0         0   0.03213   0.01993   0.03539
   13/1499        0G   0.07228   0.02606   0.07003    0.1684         4       640         0         0         0         0   0.03121   0.01986   0.03501
   14/1499        0G   0.04783   0.03004   0.05583    0.1337         5       640         0         0         0         0   0.03064   0.01961   0.03463
   15/1499        0G     0.062   0.02528   0.06757    0.1549         6       640         0         0         0         0   0.03046   0.01931   0.03433
   16/1499        0G   0.06106   0.02841   0.06402    0.1535         5       640         0         0         0         0   0.03003   0.01905   0.03384
   17/1499        0G   0.06307    0.0241   0.06059    0.1478         4       640         0         0         0         0   0.02958   0.01888   0.03347
   18/1499        0G   0.04526   0.02351   0.05196    0.1207         2       640         0         0         0         0   0.02906   0.01871   0.03292
   19/1499        0G   0.04413   0.02444   0.05491    0.1235         4       640         0         0         0         0   0.02869    0.0186   0.03254
   20/1499        0G   0.05337   0.02425   0.05993    0.1376         3       640         0         0         0         0   0.02777   0.01847   0.03188
   21/1499        0G   0.05597   0.02623    0.0604    0.1426         5       640    0.0625   0.08333   0.00628  0.002512   0.02695   0.01842   0.03133
   22/1499        0G   0.05724   0.02591   0.06161    0.1448         6       640    0.0625    0.1667    0.0118  0.005898   0.02579    0.0183   0.03039
   23/1499        0G   0.04883   0.02942   0.05779     0.136         6       640   0.06818      0.25   0.02138   0.01147   0.02504   0.01828   0.02982
   24/1499        0G   0.05343   0.02312   0.05017    0.1267         5       640   0.05085      0.25   0.02674   0.01305   0.02396   0.01813    0.0288
   25/1499        0G   0.04415   0.02467   0.04636    0.1152         2       640    0.2477      0.14   0.06093   0.03724   0.02334   0.01801   0.02821
   26/1499        0G    0.0572   0.02381   0.05101     0.132         3       640    0.2749      0.25   0.09894    0.0395   0.02205   0.01794   0.02704
   27/1499        0G   0.05193   0.02736   0.05099    0.1303         5       640     0.269    0.3333    0.1424    0.0542    0.0212    0.0179   0.02633
   28/1499        0G   0.04779    0.0239   0.04764    0.1193         3       640    0.3012    0.4167    0.2135   0.07291   0.02005   0.01777   0.02521
   29/1499        0G   0.05125   0.02679   0.05373    0.1318         5       640    0.3627    0.3321    0.2614   0.07991   0.01963   0.01767   0.02445
   30/1499        0G   0.04173   0.02139   0.03942    0.1025         3       640    0.4588    0.5833    0.3621    0.1574   0.01886   0.01745   0.02304
   31/1499        0G   0.04615   0.02274   0.04351    0.1124         3       640    0.4116    0.6667    0.4051    0.1806   0.01825    0.0173   0.02218
   32/1499        0G   0.03682   0.02374   0.03373   0.09429         4       640    0.4721    0.7455    0.4812    0.2136   0.01808    0.0169   0.02061
   33/1499        0G    0.0433   0.02307   0.03792    0.1043         4       640     0.633    0.6667    0.6323    0.2861   0.01742   0.01677   0.01969
   34/1499        0G    0.0347    0.0235   0.03234   0.09054         4       640    0.6789      0.75    0.6586    0.2986   0.01699   0.01649   0.01824
   35/1499        0G   0.04363   0.02715    0.0408    0.1116         6       640    0.8814    0.6219    0.7645     0.365   0.01703   0.01627   0.01729
   36/1499        0G   0.04102   0.02838   0.03891    0.1083         6       640    0.8033      0.75    0.8033    0.3512   0.01706   0.01589   0.01566
   37/1499        0G   0.04068   0.02744   0.03769    0.1058         5       640     0.818    0.7491    0.7226    0.3315   0.01751   0.01563   0.01468
   38/1499        0G    0.0404   0.02363   0.03662    0.1007         4       640    0.7403      0.75    0.7136    0.3152   0.01746   0.01531   0.01312
   39/1499        0G   0.04871   0.02111   0.03208    0.1019         3       640    0.7996    0.6653    0.7098    0.3161   0.01743    0.0151   0.01229
   40/1499        0G   0.04007   0.02438   0.03375    0.0982         4       640    0.8127      0.75    0.7489    0.3896   0.01746   0.01477   0.01064
   41/1499        0G   0.04411   0.02477   0.03278    0.1017         4       640    0.8178    0.7482    0.7827    0.4202   0.01685   0.01464  0.009956
   42/1499        0G   0.03846   0.02371    0.0263   0.08847         5       640    0.8879    0.6667    0.7761    0.4113   0.01616   0.01431  0.008869
   43/1499        0G   0.03439   0.01946   0.02781   0.08165         2       640    0.8181    0.7495    0.7692    0.4438   0.01531   0.01426   0.00834
   44/1499        0G   0.03548   0.02504   0.02526   0.08578         6       640       0.9      0.75     0.853    0.4731   0.01563   0.01394  0.007631
   45/1499        0G   0.03743    0.0205   0.02658   0.08452         3       640       0.9    0.7498    0.8647    0.4532   0.01599   0.01379  0.007333
   46/1499        0G   0.03319   0.01805   0.02288   0.07412         2       640         1    0.8331    0.9295    0.4975   0.01541   0.01367  0.006858
   47/1499        0G   0.03799   0.02223   0.02791   0.08813         6       640    0.8181      0.75    0.8537    0.4361    0.0157   0.01345  0.006598
   48/1499        0G   0.02679   0.01859   0.01514   0.06052         3       640    0.9078    0.8333    0.8962      0.54   0.01507   0.01318  0.006281
   49/1499        0G   0.03205   0.02006   0.01887   0.07097         4       640    0.8457    0.9167    0.9111    0.5523   0.01529   0.01292  0.006126
   50/1499        0G   0.03312   0.02094    0.0176   0.07166         7       640    0.8461    0.9167    0.9073    0.5002   0.01393   0.01257  0.005904
   51/1499        0G   0.03069   0.02332   0.01926   0.07327         6       640    0.8331    0.8319    0.8662    0.4772   0.01478    0.0124  0.005821
   52/1499        0G   0.03424   0.01995   0.01977   0.07396         3       640    0.7845    0.9106     0.825      0.48    0.0138   0.01228  0.005748
   53/1499        0G   0.02764   0.01975   0.01723   0.06462         4       640    0.9156    0.9167    0.9276    0.5096    0.0132   0.01218  0.005689
   54/1499        0G   0.03307   0.02294   0.01901   0.07502         6       640    0.8452    0.9167    0.8646      0.48    0.0134   0.01208   0.00563
   55/1499        0G    0.0339   0.02133   0.01843   0.07366         4       640    0.7857    0.9167    0.8668    0.4643   0.01357   0.01196  0.005583
   56/1499        0G   0.03468   0.02259   0.01747   0.07473         6       640    0.9163    0.9124    0.9485    0.5345   0.01412   0.01179  0.005535
   57/1499        0G   0.03274   0.01816   0.01498   0.06587         3       640    0.9166    0.9165    0.9277    0.5241   0.01333   0.01163   0.00548
   58/1499        0G   0.03677     0.022   0.02011   0.07888         5       640    0.7312    0.9072    0.7908    0.4729   0.01378   0.01145  0.005425
   59/1499        0G   0.03488   0.01994   0.01392   0.06874         8       640    0.8458    0.9167    0.9177     0.514   0.01314   0.01132  0.005355
   60/1499        0G   0.03214   0.01994    0.0166   0.06868         6       640    0.9157     0.906    0.9294    0.5751   0.01298    0.0112  0.005303
   61/1499        0G   0.04199    0.0204   0.03165   0.09404         6       640     0.909    0.8326    0.9293    0.4802   0.01384   0.01091  0.005276
   62/1499        0G   0.02884   0.01786   0.01524   0.06194         6       640    0.8169      0.75    0.8355    0.3809   0.01406   0.01082  0.005258
   63/1499        0G   0.03652   0.01834   0.01796   0.07283         5       640    0.8333    0.8331    0.8481    0.5257   0.01483   0.01074  0.005295
   64/1499        0G   0.03551   0.01775   0.01496   0.06821         3       640    0.8151      0.75    0.7924    0.4096   0.01356   0.01072  0.005285
   65/1499        0G   0.03378   0.02051   0.01471     0.069         6       640    0.7482      0.75    0.7224    0.2439   0.01556   0.01057  0.005217
   66/1499        0G   0.02969   0.02087   0.01256   0.06312         8       640    0.7475      0.75     0.835    0.4132   0.01389   0.01048  0.005161
   67/1499        0G   0.03667   0.01943   0.01638   0.07248         6       640    0.7133    0.8333    0.8314    0.5375     0.014   0.01029  0.005125
   68/1499        0G   0.04194    0.0184   0.02664   0.08699         5       640    0.9083    0.8333    0.9071    0.5717   0.01263   0.01017  0.005062
   69/1499        0G   0.02476   0.01612   0.01114   0.05202         4       640    0.7684    0.8295    0.8256    0.4542   0.01283   0.01007  0.005027
   70/1499        0G   0.03771   0.01849   0.01798   0.07418         6       640    0.8445    0.9167    0.8612    0.4893   0.01148  0.009952  0.004986
   71/1499        0G   0.02398    0.0152   0.01155   0.05072         2       640    0.8458    0.9146     0.912     0.552   0.01236  0.009844  0.004975
   72/1499        0G   0.03137   0.01793   0.01475   0.06405         6       640    0.6106    0.9148    0.6765    0.3084   0.01398   0.01009  0.004888
   73/1499        0G   0.02304   0.01502  0.008658   0.04672         2       640    0.7134    0.8333    0.7281    0.3767   0.01205   0.01009  0.004878
   74/1499        0G    0.0299   0.01883   0.01235   0.06108         6       640     0.769    0.8322    0.7596    0.4041   0.01301   0.01002  0.004846
   75/1499        0G   0.02755   0.01684   0.01251    0.0569         4       640    0.6664    0.8325    0.7018    0.3357   0.01219  0.009905  0.004824
   76/1499        0G   0.02553   0.01933   0.01024    0.0551         7       640    0.5258    0.8333    0.5171    0.1626   0.01628  0.009776  0.004822
   77/1499        0G   0.03638   0.01596   0.01397   0.06631         5       640    0.7328    0.9167     0.831    0.4966   0.01267  0.009732  0.004808
   78/1499        0G   0.03493   0.01924   0.01568   0.06985         6       640    0.7688    0.8333     0.774    0.3267   0.01348  0.009683  0.004775
   79/1499        0G   0.03633   0.01673   0.01254    0.0656         5       640    0.6463    0.9167    0.7434    0.4402   0.01222  0.009569  0.004724
   80/1499        0G    0.0377   0.01521   0.01055   0.06346         5       640    0.8305    0.8333    0.8468    0.4614   0.01309  0.009462  0.004699
   81/1499        0G   0.03296   0.01857   0.01355   0.06508         5       640    0.7689    0.8333    0.7872    0.3032   0.01355  0.009368  0.004661
   82/1499        0G   0.03769   0.01768   0.01949   0.07486         5       640     0.611    0.9167    0.6854    0.3514   0.01315    0.0093  0.004684
   83/1499        0G   0.03199   0.01738   0.01457   0.06394         4       640    0.7666    0.8333    0.7666    0.3792   0.01297  0.009279  0.004667
   84/1499        0G   0.02472   0.01539   0.01118   0.05129         4       640     0.664    0.8333    0.7109    0.4951   0.01471  0.009063  0.004677
   85/1499        0G   0.03654   0.01816   0.01626   0.07096         6       640    0.9083    0.8333    0.9091    0.5787   0.01086  0.009166  0.004657
   86/1499        0G   0.02763   0.01494   0.01224    0.0548         2       640    0.7998    0.9986    0.9031    0.6404   0.01133  0.009056  0.004518
   87/1499        0G   0.03538   0.02088    0.0145   0.07077         7       640    0.7998    0.9986    0.9031    0.6404   0.01133  0.009056  0.004518
   88/1499        0G   0.03062   0.01945   0.01211   0.06217         5       640    0.8563         1    0.9421    0.6621   0.01095  0.008825  0.004469
   89/1499        0G   0.03084   0.01617   0.01363   0.06063         5       640    0.6918    0.7483    0.7066    0.3845   0.01928  0.008503  0.004444
   90/1499        0G   0.03727   0.01628   0.01135    0.0649         5       640    0.7857    0.9166    0.8665    0.5383    0.0129  0.008548  0.004393
   91/1499        0G   0.03703   0.01813    0.0107   0.06586         7       640    0.7857    0.9166    0.8665    0.5383    0.0129  0.008548  0.004393
   92/1499        0G   0.03717   0.01771   0.01224   0.06712         5       640    0.7058    0.9996    0.8694    0.6711   0.01082   0.00854  0.004375
   93/1499        0G    0.0382   0.01775   0.01134   0.06729         6       640    0.9997      0.75    0.9345    0.5547   0.01329  0.008395  0.004341
   94/1499        0G   0.04072   0.01729   0.01023   0.06824         6       640    0.4131         1    0.4579    0.1007   0.02231  0.008206  0.004314
   95/1499        0G    0.0453   0.01523   0.01208   0.07261         4       640    0.4131         1    0.4579    0.1007   0.02231  0.008206  0.004314
   96/1499        0G   0.03169   0.01759  0.008144   0.05742         6       640    0.4799         1    0.6768    0.1372   0.02038  0.008141  0.004281
   97/1499        0G   0.02713   0.01556   0.01049   0.05319         2       640    0.5713         1    0.6935    0.3108   0.01539  0.008152  0.004252
   98/1499        0G    0.0291   0.01492  0.009228   0.05325         6       640    0.4777    0.9148    0.6153    0.2118   0.02311  0.007843  0.004164
   99/1499        0G   0.04057   0.01318   0.01838   0.07213         4       640    0.4777    0.9148    0.6153    0.2118   0.02311  0.007843  0.004164
  100/1499        0G   0.04355   0.01655   0.01788   0.07798         5       640    0.4393    0.9167    0.6028    0.1257   0.02554  0.007677   0.00411
  101/1499        0G   0.03812   0.01476  0.009308   0.06218         3       640    0.4998     0.916    0.6777    0.3739    0.0203  0.007766  0.004103
  102/1499        0G   0.04027   0.01575    0.0121   0.06812         6       640    0.7995         1    0.9402    0.4663   0.01146  0.008376  0.004128
  103/1499        0G   0.02866   0.01767  0.009505   0.05583         5       640    0.7995         1    0.9402    0.4663   0.01146  0.008376  0.004128
  104/1499        0G   0.02625   0.01183   0.01035   0.04842         3       640    0.6659    0.9969    0.8284    0.5401   0.01477  0.008133  0.004141
  105/1499        0G   0.03508   0.02012   0.01189   0.06708         6       640    0.5237    0.9167    0.5804    0.1756   0.01684  0.008062  0.004073
  106/1499        0G   0.03351    0.0206   0.01213   0.06624         8       640    0.7987    0.6667    0.7593    0.4214   0.01895  0.007705  0.004117
  107/1499        0G   0.03287   0.01408  0.007925   0.05488         5       640    0.7987    0.6667    0.7593    0.4214   0.01895  0.007705  0.004117
  108/1499        0G   0.03168   0.01168  0.007539    0.0509         4       640    0.8825    0.6667     0.834    0.5107   0.01785  0.007716  0.004113
  109/1499        0G   0.03586   0.01742   0.01035   0.06364         6       640    0.5238    0.9167    0.5864    0.1594   0.01845  0.007681  0.004061
  110/1499        0G    0.0419   0.01813   0.01943   0.07947         6       640     0.795    0.6667    0.8259    0.5336   0.01781  0.007527  0.004061
  111/1499        0G   0.03049   0.01273  0.007848   0.05107         3       640     0.795    0.6667    0.8259    0.5336   0.01781  0.007527  0.004061
  112/1499        0G     0.038   0.01431  0.009807   0.06211         5       640    0.7994    0.6645    0.8233    0.5773   0.01675  0.007535  0.004072
  113/1499        0G   0.04295   0.01496   0.01492   0.07283         4       640    0.5489    0.9129    0.6144    0.2296   0.01427  0.007756  0.004085
  114/1499        0G   0.02638   0.01363  0.007413   0.04742         4       640    0.7267    0.6667    0.7647     0.366   0.01896  0.007344  0.004147
  115/1499        0G   0.03887   0.01471  0.008417     0.062         7       640    0.7267    0.6667    0.7647     0.366   0.01896  0.007344  0.004147
  116/1499        0G   0.04035   0.01302  0.009078   0.06245         5       640    0.6413    0.7453    0.7276    0.3614   0.01819  0.007298  0.004131
  117/1499        0G   0.04039   0.01512   0.00933   0.06483         5       640    0.5711    0.9986    0.7149    0.5079   0.01448  0.007385  0.004088
  118/1499        0G   0.02773   0.01484  0.007451   0.05002         6       640    0.5703    0.9955    0.7427    0.4108   0.01682  0.007028  0.004008
  119/1499        0G   0.03769   0.01339  0.008883   0.05996         4       640    0.5703    0.9955    0.7427    0.4108   0.01682  0.007028  0.004008
  120/1499        0G   0.03258   0.01518  0.009831   0.05759         6       640     0.599     0.996    0.7743     0.593   0.01463  0.006968  0.003989
  121/1499        0G    0.0328   0.01675  0.009873   0.05942         6       640    0.5442         1    0.6251    0.2427   0.02005  0.006668   0.00395
  122/1499        0G   0.03777   0.01408   0.00935    0.0612         6       640    0.5442         1    0.6251    0.2427   0.02005  0.006668   0.00395
  123/1499        0G   0.03889   0.01465  0.008833   0.06238         7       640    0.7497    0.9983    0.9109    0.6288   0.01189  0.006868  0.004009
  124/1499        0G   0.04266   0.01512   0.01327   0.07105         6       640    0.7497    0.9983    0.9109    0.6288   0.01189  0.006868  0.004009
  125/1499        0G   0.03935   0.01345  0.008479   0.06128         4       640         1    0.9996    0.9953    0.6135   0.01333  0.006719   0.00399
  126/1499        0G   0.04178   0.01445  0.008731   0.06496         5       640    0.8178    0.7482    0.8164    0.4203   0.01825    0.0065  0.003928
  127/1499        0G   0.03257   0.01594  0.007284    0.0558         5       640    0.8178    0.7482    0.8164    0.4203   0.01825    0.0065  0.003928
  128/1499        0G   0.03822   0.01835  0.008363   0.06494         8       640    0.7853    0.9167    0.9273    0.5866   0.01432  0.006497  0.003934
  129/1499        0G   0.02763     0.013    0.0074   0.04804         3       640    0.7853    0.9167    0.9273    0.5866   0.01432  0.006497  0.003934
  130/1499        0G   0.03182   0.01184  0.008573   0.05223         4       640    0.7498    0.9992    0.9308    0.6699   0.01122  0.006531  0.003887
  131/1499        0G    0.0264   0.01284   0.01007   0.04931         2       640    0.7319    0.9167    0.8111    0.4812   0.01868  0.006231  0.003878
  132/1499        0G   0.03269   0.01512  0.006877   0.05469         5       640    0.7319    0.9167    0.8111    0.4812   0.01868  0.006231  0.003878
  133/1499        0G   0.02711   0.01257  0.006582   0.04626         5       640    0.5787    0.9167    0.6685    0.4119   0.01785  0.006259  0.003826
  134/1499        0G   0.03484   0.01557  0.008104   0.05851         7       640    0.5787    0.9167    0.6685    0.4119   0.01785  0.006259  0.003826
  135/1499        0G   0.02928   0.01555  0.008205   0.05303         4       640    0.6095    0.9167    0.6789     0.436   0.01656  0.006341  0.003784
  136/1499        0G   0.03274   0.01704  0.008828   0.05861         7       640    0.7319    0.9167     0.844     0.527   0.01403  0.006331  0.003727
  137/1499        0G   0.03881    0.0119  0.007384    0.0581         4       640    0.7319    0.9167     0.844     0.527   0.01403  0.006331  0.003727
  138/1499        0G   0.03946    0.0134  0.008794   0.06166         5       640    0.6466    0.9167    0.6954    0.3782   0.01609  0.006373  0.003717
