     0/299        0G    0.1113   0.09305   0.02887    0.2332        44       640  0.006533    0.3072   0.00257 0.0004588    0.1056    0.0709   0.02725
     1/299        0G    0.1124    0.1038   0.02906    0.2452        66       640   0.00375    0.3058  0.002532 0.0003864    0.1038    0.0724   0.02721
     2/299        0G    0.1111   0.08935   0.02896    0.2294        33       640  0.003631    0.2961    0.0024 0.0003878    0.1019   0.07403   0.02717
     3/299        0G    0.1099    0.1172    0.0287    0.2558       102       640   0.00375    0.3058    0.0025 0.0003922       0.1   0.07557   0.02713
     4/299        0G    0.1079   0.09533   0.02884    0.2321        54       640   0.00369     0.301  0.002436 0.0004002    0.0983     0.077    0.0271
     5/299        0G    0.1086    0.1072   0.02913    0.2449        44       640   0.00375    0.3058  0.002507 0.0003839    0.0972   0.07792   0.02708
     6/299        0G    0.1052   0.09413   0.02839    0.2277        27       640  0.003758     0.301  0.002443 0.0003806   0.09555   0.07924   0.02704
     7/299        0G     0.104   0.09733   0.02825    0.2295        12       640  0.004639    0.2954  0.002433 0.0003756   0.09407   0.08049   0.02702
     8/299        0G     0.103    0.1045   0.02851    0.2361        31       640   0.00342    0.2208  0.002249 0.0003239   0.09235   0.08196   0.02699
     9/299        0G    0.1033    0.1222    0.0281    0.2536        71       640  0.003274     0.225  0.002333 0.0003431   0.09118   0.08294   0.02696
    10/299        0G    0.0997    0.1278   0.02841    0.2559        58       640  0.003395    0.2333  0.002933 0.0004351   0.08963   0.08417   0.02693
    11/299        0G   0.09681    0.1148   0.02817    0.2397        20       640  0.003334    0.2292  0.002917 0.0004463   0.08834    0.0852   0.02692
    12/299        0G   0.09963     0.119   0.02813    0.2468        40       640  0.003441    0.2333  0.002829 0.0004478   0.08712   0.08618   0.02691
    13/299        0G   0.09469    0.1183   0.02755    0.2405        51       640  0.004521    0.2305  0.002903 0.0005101    0.0862    0.0869    0.0269
    14/299        0G    0.0949    0.1279   0.02795    0.2508        28       640    0.0123    0.4128  0.004988 0.0008812    0.0855   0.08744    0.0269
    15/299        0G   0.09422     0.112   0.02758    0.2338        66       640  0.006531    0.3468  0.003315 0.0005664   0.08466    0.0881   0.02689
    16/299        0G   0.09466    0.1259   0.02795    0.2485        52       640  0.004958    0.3246  0.002954 0.0005222   0.08409   0.08851   0.02688
    17/299        0G   0.09586    0.1186    0.0276    0.2421        43       640  0.007933    0.3703  0.003483  0.000579   0.08358   0.08888   0.02688
    18/299        0G   0.09445    0.1104   0.02809     0.233        46       640   0.01283     0.403  0.004599 0.0008054   0.08286   0.08937   0.02688
    19/299        0G   0.09157     0.139   0.02798    0.2585        79       640   0.01077    0.3558  0.003614 0.0006467   0.08213    0.0898    0.0269
    20/299        0G   0.09045    0.1232   0.02718    0.2409        40       640   0.01298   0.01456  0.002585 0.0004322   0.08129   0.09031     0.027
    21/299        0G   0.09156    0.1233   0.02756    0.2424        45       640   0.01429   0.01942  0.002285 0.0005021   0.08082   0.09042   0.02707
    22/299        0G   0.09079    0.1229   0.02706    0.2408        29       640   0.04475   0.02913   0.00628  0.001037   0.08058   0.09053   0.02711
    23/299        0G   0.08833    0.1134   0.02672    0.2285        40       640   0.00777    0.2928  0.002923 0.0004354   0.08067   0.09068   0.02709
    24/299        0G    0.0962    0.1165   0.02636     0.239        63       640   0.01124    0.1596  0.004692 0.0007688   0.08215   0.08937   0.02734
    25/299        0G   0.09243    0.1163   0.02674    0.2355        30       640  0.008625     0.227   0.00278 0.0004493   0.08507   0.08861   0.02815
    26/299        0G   0.09223    0.1412   0.02672    0.2601        44       640  0.008267    0.2374  0.002531 0.0004077   0.08827   0.09191   0.02909
    27/299        0G   0.09446    0.1096    0.0266    0.2306        74       640  0.008795    0.2415   0.00259 0.0004332   0.08763   0.09291   0.02909
    28/299        0G   0.09119    0.1023     0.026    0.2195        31       640  0.008089    0.2943  0.002654 0.0005082    0.0867   0.09263   0.02885
    29/299        0G   0.08855    0.1208   0.02737    0.2367        44       640  0.006426    0.2374  0.001736  0.000248   0.08906   0.09599   0.03116
    30/299        0G   0.09263    0.1085   0.02689     0.228        31       640  0.008117    0.2388  0.002626 0.0003898   0.08875   0.09738    0.0297
    31/299        0G   0.09148    0.1158   0.02589    0.2331        82       640  0.007947     0.297  0.002579 0.0004251   0.08835   0.09205   0.02917
    32/299        0G   0.08966    0.1223   0.02676    0.2387        45       640  0.008856    0.1673  0.002908 0.0004612    0.0838   0.08956   0.02662
    33/299        0G     0.091    0.1207   0.02646    0.2382        54       640   0.01087    0.3331  0.004486 0.0006919   0.08181   0.09204   0.02605
    34/299        0G   0.09182    0.1007   0.02612    0.2187        46       640   0.01052    0.3373  0.004209 0.0006752   0.08156   0.09135   0.02602
    35/299        0G   0.09194    0.1148   0.02729     0.234        67       640   0.01389    0.1985   0.00582 0.0009086   0.08006   0.09086   0.02571
    36/299        0G   0.08971    0.1372   0.02563    0.2526        59       640   0.01344    0.1957  0.006227 0.0008552   0.07993   0.09067   0.02569
    37/299        0G   0.08869    0.1131   0.02676    0.2286        34       640   0.01289    0.2388  0.006414     0.001   0.08003   0.09012   0.02595
    38/299        0G   0.09255    0.1116   0.02528    0.2294        52       640   0.01004    0.3768  0.004268 0.0006479    0.0797   0.09055   0.02596
    39/299        0G   0.08719    0.1162   0.02905    0.2324        29       640   0.01255     0.186   0.00495 0.0007546   0.08088   0.08996    0.0259
    40/299        0G   0.08793    0.1219   0.02619     0.236        56       640   0.01237    0.1534  0.005193 0.0008987   0.08222   0.08952   0.02534
    41/299        0G   0.08897     0.134     0.027      0.25        49       640   0.01138    0.2596   0.00469 0.0007593   0.08501   0.08704   0.02579
    42/299        0G   0.08438    0.1231   0.02689    0.2344        25       640  0.007765    0.2152   0.00378 0.0005604   0.09189   0.08215   0.03018
    43/299        0G   0.09053     0.122   0.02662    0.2391        35       640   0.00489    0.1854  0.001223  0.000203   0.09334   0.08364   0.03247
    44/299        0G   0.08902   0.09816   0.02486     0.212        29       640  0.007376    0.2714   0.00245 0.0003915   0.09051   0.08876   0.03037
    45/299        0G   0.08857    0.1492   0.02511    0.2629        25       640  0.007823    0.2027  0.001929 0.0002712   0.08988   0.09253   0.03084
    46/299        0G   0.08446    0.1215    0.0269    0.2328        40       640  0.009667     0.211  0.002707 0.0004387   0.08502   0.09341   0.02903
    47/299        0G   0.08832    0.1294   0.02624    0.2439        61       640  0.009283    0.2853  0.003459 0.0005844   0.08304   0.09275   0.02826
    48/299        0G   0.08728    0.1398   0.02545    0.2525        59       640   0.01195    0.1187    0.0029 0.0004144   0.08056   0.09467   0.02787
    49/299        0G   0.08443     0.128   0.02628    0.2387        57       640  0.007442    0.1049  0.001784 0.0003062   0.07852   0.09793   0.02722
    50/299        0G   0.08736      0.14   0.02785    0.2552        64       640   0.01015   0.08471  0.001341 0.0002724   0.07843   0.09837   0.02656
    51/299        0G   0.09021    0.1121   0.02521    0.2275        34       640   0.01237    0.2998  0.005944 0.0008691   0.07677   0.09798   0.02629
    52/299        0G   0.09132    0.1265   0.02437    0.2422        66       640   0.01121    0.2707  0.004269 0.0006592   0.07771   0.09784   0.02663
    53/299        0G   0.08914    0.1273   0.02531    0.2418        39       640   0.01055    0.3601   0.00506 0.0008509   0.07817   0.09642   0.02588
    54/299        0G    0.0858      0.13   0.02719     0.243        31       640   0.01208    0.4059  0.006192   0.00107   0.07778   0.09527   0.02553
    55/299        0G   0.08742    0.1346   0.02567    0.2476        77       640   0.01218    0.2311  0.006051 0.0009856   0.07689   0.09488   0.02514
    56/299        0G   0.08848    0.1015   0.02584    0.2158        36       640   0.01169    0.3733  0.006266 0.0009986   0.07672   0.09525   0.02497
    57/299        0G    0.0918    0.1415   0.02601    0.2593        58       640   0.01213    0.3747  0.006006 0.0009527   0.07655    0.0953   0.02472
    58/299        0G   0.08568     0.146   0.02614    0.2579        46       640   0.01225    0.3747   0.00584 0.0009599   0.07654   0.09604   0.02456
    59/299        0G   0.08459    0.1163   0.02543    0.2263        38       640   0.01116    0.3393  0.005085 0.0007745   0.07642   0.09598    0.0246
    60/299        0G   0.08083    0.1161   0.02304    0.2199        26       640   0.01222    0.2186  0.005596 0.0008272   0.07826    0.1057   0.02435
    61/299        0G   0.08741    0.1274   0.02436    0.2392        19       640   0.01256    0.2159  0.004802 0.0007562   0.07865    0.1125   0.02401
    62/299        0G   0.08903    0.1508    0.0249    0.2647        41       640   0.01183    0.2013  0.004684 0.0007803   0.07792   0.09964   0.02433
    63/299        0G   0.08864    0.1406   0.02531    0.2545        67       640   0.01183    0.2013  0.004684 0.0007803   0.07792   0.09964   0.02433
    64/299        0G   0.08571    0.1173   0.02463    0.2276        46       640    0.0127    0.2013  0.004823 0.0008068   0.07751   0.09792   0.02416
    65/299        0G   0.09177    0.1246   0.02538    0.2418        22       640   0.01457    0.2068  0.006063 0.0009166   0.07664   0.09574   0.02431
    66/299        0G   0.08342    0.1416   0.02476    0.2498        72       640   0.01441    0.1784  0.006549     0.001   0.07692   0.09442   0.02436
    67/299        0G   0.08631    0.1249   0.02785     0.239        69       640   0.01237    0.3573  0.005808  0.000903   0.07703   0.09438   0.02446
    68/299        0G   0.08316   0.09498   0.02415    0.2023        18       640   0.01686    0.1853  0.008481   0.00125    0.0763   0.09518   0.02451
    69/299        0G   0.08832    0.1356   0.02544    0.2494        48       640   0.01704    0.1312  0.008527  0.001246   0.07619   0.09524   0.02447
    70/299        0G   0.08572    0.1063   0.02485    0.2169        44       640   0.01333    0.4204  0.007236  0.001119    0.0752   0.09602   0.02462
    71/299        0G   0.08531    0.1281   0.02666    0.2401        73       640   0.01333    0.4204  0.007236  0.001119    0.0752   0.09602   0.02462
    72/299        0G   0.08659    0.1354   0.02472    0.2467        60       640   0.01613    0.1617  0.007263   0.00113   0.07461    0.0962   0.02474
    73/299        0G   0.08503    0.1659   0.02516    0.2761        86       640   0.01688    0.1527  0.007307  0.001123   0.07401    0.0968   0.02479
    74/299        0G   0.08751    0.1134   0.02607     0.227        66       640    0.0149    0.1347  0.006869  0.001053   0.07492   0.09587   0.02458
    75/299        0G   0.08246    0.1334   0.02516     0.241        58       640   0.01398    0.1506  0.006474  0.001016    0.0745   0.09609   0.02456
    76/299        0G   0.08558    0.1085   0.02462    0.2187        40       640   0.01398    0.1506  0.006474  0.001016    0.0745   0.09609   0.02456
    77/299        0G   0.08689    0.1495   0.02706    0.2634        63       640    0.0158     0.125  0.006393  0.001034   0.07502    0.0955   0.02444
    78/299        0G   0.08704    0.1553   0.02491    0.2673        53       640   0.01009    0.3878  0.004643 0.0007082   0.07535   0.09494   0.02428
    79/299        0G   0.08691     0.136   0.02466    0.2476        41       640   0.01378    0.1192  0.005908 0.0008757   0.07515   0.09493   0.02409
    80/299        0G   0.08621    0.1242    0.0236     0.234        58       640   0.01378    0.1192  0.005908 0.0008757   0.07515   0.09493   0.02409
    81/299        0G   0.08553    0.1306   0.02632    0.2424        37       640   0.02145    0.1694  0.007579  0.001087   0.07551   0.09504   0.02395
    82/299        0G   0.08297    0.1228   0.02487    0.2307        48       640   0.01797    0.2131   0.00871  0.001342   0.07469   0.09567   0.02399
    83/299        0G   0.08404     0.149   0.02385    0.2569        47       640   0.01797    0.2131   0.00871  0.001342   0.07469   0.09567   0.02399
    84/299        0G   0.08225    0.1242   0.02356      0.23        56       640   0.01911    0.2353  0.008953  0.001407   0.07501   0.09476   0.02389
    85/299        0G   0.08845    0.1221   0.02515    0.2357        57       640   0.01586    0.2776  0.007422   0.00113   0.07545   0.09459   0.02388
    86/299        0G   0.08634    0.1552   0.02437    0.2659        66       640   0.01586    0.2776  0.007422   0.00113   0.07545   0.09459   0.02388
    87/299        0G    0.0804    0.1288   0.02477    0.2339        44       640   0.01374    0.2575   0.00722  0.001108   0.07559   0.09467   0.02382
    88/299        0G   0.09289    0.1413   0.02599    0.2602        36       640   0.01234    0.2638  0.006292 0.0009822   0.07639   0.09376   0.02365
    89/299        0G   0.08465    0.1489   0.02713    0.2607        81       640   0.01234    0.2638  0.006292 0.0009822   0.07639   0.09376   0.02365
    90/299        0G   0.08574     0.128   0.02596    0.2397        87       640   0.01396    0.3017  0.007485  0.001196   0.07561   0.09473   0.02365
    91/299        0G   0.08479    0.1204   0.02475    0.2299        41       640   0.01415    0.2319  0.006983   0.00108    0.0751   0.09469   0.02387
    92/299        0G   0.08741    0.1211   0.02737    0.2359        49       640     0.015    0.2069  0.007138  0.001119   0.07688   0.09533   0.02395
    93/299        0G   0.08688    0.1198   0.02512    0.2318        36       640     0.015    0.2069  0.007138  0.001119   0.07688   0.09533   0.02395
    94/299        0G   0.08366     0.112   0.02394    0.2196        63       640   0.01433    0.2409  0.008743  0.001363   0.07663   0.09392   0.02421
    95/299        0G   0.08838     0.133   0.02436    0.2457        42       640   0.02014   0.04167  0.009753  0.001801   0.07696   0.09312   0.02403
    96/299        0G   0.08558     0.116   0.02391    0.2255        42       640   0.02014   0.04167  0.009753  0.001801   0.07696   0.09312   0.02403
    97/299        0G   0.08225    0.1187   0.02491    0.2259        52       640   0.01474    0.2776  0.007204  0.001253   0.07718   0.09243    0.0239
    98/299        0G   0.08336    0.1216   0.02484    0.2298        45       640   0.01474    0.2776  0.007204  0.001253   0.07718   0.09243    0.0239
    99/299        0G   0.08695    0.1244   0.02378    0.2352        43       640   0.01638    0.3255  0.007445  0.001208   0.07688   0.09194   0.02377
   100/299        0G   0.08891    0.1361   0.02447    0.2495        77       640   0.01638    0.3255  0.007445  0.001208   0.07688   0.09194   0.02377
   101/299        0G    0.0908    0.1378   0.02413    0.2527        33       640   0.01534    0.3179  0.007494  0.001352   0.07641   0.09222   0.02369
   102/299        0G   0.08907    0.1537    0.0248    0.2676        70       640   0.01917    0.2395  0.008134  0.001278   0.07686   0.09197   0.02375
   103/299        0G   0.08183    0.1478   0.02537     0.255        49       640   0.01917    0.2395  0.008134  0.001278   0.07686   0.09197   0.02375
   104/299        0G   0.08666    0.1236   0.02507    0.2353        42       640   0.02359    0.2186  0.008443  0.001525   0.07752   0.09161   0.02384
   105/299        0G   0.09122    0.1125   0.02369    0.2274        99       640   0.02359    0.2186  0.008443  0.001525   0.07752   0.09161   0.02384
   106/299        0G   0.08629    0.1323    0.0246    0.2432        57       640   0.01706    0.2346  0.006905  0.001215   0.07706   0.09184    0.0238
   107/299        0G   0.09354    0.1382   0.02484    0.2566        38       640   0.01706    0.2346  0.006905  0.001215   0.07706   0.09184    0.0238
   108/299        0G   0.08557    0.1189   0.02356     0.228        61       640    0.0158    0.2298  0.006352 0.0009738   0.07733   0.09129   0.02363
   109/299        0G   0.08457     0.133   0.02388    0.2415        58       640   0.01817    0.2367  0.007795  0.001396   0.07586   0.09246   0.02372
   110/299        0G   0.08319    0.1031   0.02514    0.2114        46       640   0.01817    0.2367  0.007795  0.001396   0.07586   0.09246   0.02372
   111/299        0G   0.08303     0.114   0.02375    0.2208        39       640   0.02219     0.134  0.008766  0.001429    0.0747   0.09324   0.02392
   112/299        0G   0.08795    0.1368   0.02406    0.2488        57       640   0.02219     0.134  0.008766  0.001429    0.0747   0.09324   0.02392
   113/299        0G   0.09037    0.1475    0.0245    0.2623        36       640   0.03227    0.1631   0.01046  0.001593   0.07494   0.09261   0.02387
   114/299        0G   0.08295    0.1328   0.02536    0.2411        57       640   0.03227    0.1631   0.01046  0.001593   0.07494   0.09261   0.02387
   115/299        0G   0.08208    0.1484   0.02436    0.2548        43       640   0.02525    0.1583  0.008461  0.001281   0.07476   0.09285   0.02398
   116/299        0G   0.08262    0.1261   0.02529     0.234        33       640   0.02525    0.1583  0.008461  0.001281   0.07476   0.09285   0.02398
   117/299        0G   0.08485    0.1228   0.02436    0.2321        48       640   0.02189    0.1708  0.008497  0.001321   0.07492   0.09299   0.02417
   118/299        0G   0.08432      0.13   0.02586    0.2402        58       640   0.01868    0.2138   0.01033  0.002426   0.07542    0.0922   0.02411
   119/299        0G   0.08177    0.1254   0.02345    0.2306        95       640   0.01868    0.2138   0.01033  0.002426   0.07542    0.0922   0.02411
   120/299        0G   0.08659    0.1238   0.02397    0.2344        58       640   0.02302    0.2395   0.01203  0.003119   0.07563   0.09212   0.02413
   121/299        0G   0.08359    0.1278   0.02457     0.236        41       640   0.02302    0.2395   0.01203  0.003119   0.07563   0.09212   0.02413
   122/299        0G   0.08265     0.112   0.02357    0.2182        61       640   0.03683     0.193  0.009355  0.001732   0.07562   0.09183   0.02444
   123/299        0G    0.0837    0.1126   0.02436    0.2206        23       640   0.03683     0.193  0.009355  0.001732   0.07562   0.09183   0.02444
   124/299        0G    0.0885    0.1156   0.02772    0.2318        26       640   0.03851    0.1937    0.0108  0.001831   0.07593   0.09171   0.02437
   125/299        0G   0.08597    0.1656   0.02464    0.2762        30       640   0.03851    0.1937    0.0108  0.001831   0.07593   0.09171   0.02437
   126/299        0G   0.08152    0.1094   0.02391    0.2148        22       640   0.03624     0.227    0.0113  0.002068   0.07669   0.09111   0.02427
   127/299        0G   0.08564    0.1089   0.02457    0.2191        27       640   0.03624     0.227    0.0113  0.002068   0.07669   0.09111   0.02427
   128/299        0G   0.08838    0.1217   0.02286     0.233        39       640   0.03035    0.1923  0.009479  0.001938   0.07712   0.09069   0.02426
   129/299        0G   0.08091    0.1272   0.02388     0.232        63       640   0.03035    0.1923  0.009479  0.001938   0.07712   0.09069   0.02426
   130/299        0G   0.08638    0.1274   0.02433    0.2381        75       640   0.04855    0.1854   0.01621  0.002977   0.07575   0.09078   0.02428
   131/299        0G    0.0875    0.1149    0.0233    0.2257        65       640   0.04855    0.1854   0.01621  0.002977   0.07575   0.09078   0.02428
   132/299        0G   0.08152     0.122   0.02385    0.2274        76       640   0.06989    0.1847   0.01868  0.003692   0.07599   0.08982    0.0249
   133/299        0G   0.08244    0.1234   0.02507    0.2309        60       640   0.06989    0.1847   0.01868  0.003692   0.07599   0.08982    0.0249
   134/299        0G   0.08104    0.1111   0.02459    0.2167        28       640   0.06989    0.1847   0.01868  0.003692   0.07599   0.08982    0.0249
   135/299        0G   0.08293    0.1029   0.02391    0.2097        42       640   0.08006    0.1906    0.0227   0.00313   0.07692   0.08911   0.02536
   136/299        0G   0.08339    0.1209   0.02211    0.2264        14       640   0.08006    0.1906    0.0227   0.00313   0.07692   0.08911   0.02536
   137/299        0G   0.08306    0.1212   0.02408    0.2283        40       640   0.06128    0.2125   0.02152  0.003848    0.0758    0.0894   0.02527
   138/299        0G   0.07943    0.1305   0.02474    0.2346        36       640   0.06128    0.2125   0.02152  0.003848    0.0758    0.0894   0.02527
   139/299        0G   0.08272    0.1303   0.02555    0.2386        50       640   0.04475    0.3027   0.02201  0.004312   0.07481   0.08985   0.02446
   140/299        0G   0.08236    0.1287   0.02472    0.2358        57       640   0.04475    0.3027   0.02201  0.004312   0.07481   0.08985   0.02446
   141/299        0G   0.08154    0.1294   0.02409     0.235        39       640    0.0712    0.1722   0.02099  0.003379   0.07483   0.09019   0.02388
   142/299        0G   0.08342    0.1456   0.02549    0.2545        53       640    0.0712    0.1722   0.02099  0.003379   0.07483   0.09019   0.02388
   143/299        0G   0.08819    0.1186   0.02468    0.2315        53       640    0.0712    0.1722   0.02099  0.003379   0.07483   0.09019   0.02388
   144/299        0G   0.08616    0.1108   0.02526    0.2222        31       640   0.05017    0.1854   0.01662  0.002675    0.0753   0.09081   0.02385
   145/299        0G   0.08573    0.1079   0.02462    0.2183        43       640   0.05017    0.1854   0.01662  0.002675    0.0753   0.09081   0.02385
   146/299        0G   0.08486    0.1114   0.02313    0.2194        42       640   0.04638    0.2069   0.02045  0.003172   0.07421   0.09084   0.02367
   147/299        0G   0.08443   0.09945   0.02329    0.2072        33       640   0.04638    0.2069   0.02045  0.003172   0.07421   0.09084   0.02367
   148/299        0G   0.08468    0.1287   0.02377    0.2371        46       640   0.06667    0.1729   0.02351  0.004412   0.07333   0.09041   0.02328
   149/299        0G   0.08504    0.1199    0.0242    0.2291        35       640   0.06667    0.1729   0.02351  0.004412   0.07333   0.09041   0.02328
   150/299        0G   0.08908    0.1224   0.02329    0.2347        30       640   0.08039     0.193   0.03236  0.006731   0.07279   0.09022   0.02303
   151/299        0G   0.08478     0.131   0.02584    0.2416        64       640   0.08039     0.193   0.03236  0.006731   0.07279   0.09022   0.02303
   152/299        0G   0.08164    0.1246   0.02282    0.2291        44       640   0.08039     0.193   0.03236  0.006731   0.07279   0.09022   0.02303
   153/299        0G   0.08123    0.1273   0.02533    0.2339        39       640   0.06251    0.3068    0.0373  0.007679   0.07264   0.09015   0.02281
   154/299        0G   0.08163    0.1185   0.02455    0.2247        40       640   0.06251    0.3068    0.0373  0.007679   0.07264   0.09015   0.02281
   155/299        0G   0.08621    0.1218   0.02337    0.2314        44       640   0.07497    0.2222   0.03204  0.006045   0.07304   0.08934   0.02266
   156/299        0G    0.0812    0.1173   0.02441    0.2229        34       640   0.07497    0.2222   0.03204  0.006045   0.07304   0.08934   0.02266
   157/299        0G    0.0815    0.1281    0.0248    0.2344        41       640   0.05995    0.1881   0.02823  0.004803    0.0731   0.08965   0.02259
   158/299        0G    0.0817     0.103   0.02304    0.2077        56       640   0.05995    0.1881   0.02823  0.004803    0.0731   0.08965   0.02259
   159/299        0G   0.08208    0.1117   0.02336    0.2171        74       640   0.05995    0.1881   0.02823  0.004803    0.0731   0.08965   0.02259
   160/299        0G   0.08368    0.1609   0.02557    0.2702        75       640   0.04507    0.1708   0.01972  0.003696   0.07322   0.08998   0.02256
   161/299        0G   0.08494    0.1362   0.02469    0.2458        48       640   0.04507    0.1708   0.01972  0.003696   0.07322   0.08998   0.02256
   162/299        0G   0.08225     0.126   0.02308    0.2313        42       640    0.0475    0.2041   0.02681  0.004805   0.07283    0.0898   0.02245
   163/299        0G   0.08236    0.1373    0.0232    0.2429        34       640    0.0475    0.2041   0.02681  0.004805   0.07283    0.0898   0.02245
   164/299        0G   0.08056    0.1281   0.02342    0.2321        60       640    0.5598       0.1   0.03687  0.007305   0.07305   0.08877   0.02232
   165/299        0G   0.08171    0.1633   0.02313    0.2681        91       640    0.5598       0.1   0.03687  0.007305   0.07305   0.08877   0.02232
   166/299        0G   0.08355     0.106   0.02272    0.2123        59       640   0.06331    0.2513     0.045   0.01016   0.07313   0.08821   0.02205
   167/299        0G   0.08557    0.1211   0.02357    0.2302        73       640   0.06331    0.2513     0.045   0.01016   0.07313   0.08821   0.02205
   168/299        0G   0.08306    0.1326   0.02707    0.2427        73       640   0.06331    0.2513     0.045   0.01016   0.07313   0.08821   0.02205
   169/299        0G   0.08344    0.1131   0.02299    0.2195        33       640    0.5639    0.1083   0.05356   0.01117   0.07352   0.08879   0.02192
   170/299        0G   0.08067    0.1422   0.02351    0.2464        27       640    0.5639    0.1083   0.05356   0.01117   0.07352   0.08879   0.02192
   171/299        0G   0.08456    0.1276   0.02412    0.2363        15       640   0.06766    0.3645   0.06572   0.01464   0.07304   0.08959   0.02196
   172/299        0G   0.08433    0.1013   0.02497    0.2106        33       640   0.06766    0.3645   0.06572   0.01464   0.07304   0.08959   0.02196
   173/299        0G   0.08298     0.112   0.02533    0.2203        74       640    0.1437    0.2034   0.06023   0.01104   0.07255   0.08884   0.02203
   174/299        0G   0.08133    0.1389   0.02536    0.2455        66       640    0.1437    0.2034   0.06023   0.01104   0.07255   0.08884   0.02203
   175/299        0G   0.07891    0.1209   0.02199    0.2218        43       640    0.1437    0.2034   0.06023   0.01104   0.07255   0.08884   0.02203
   176/299        0G   0.08338    0.1217   0.02332    0.2284        56       640   0.06017     0.386   0.05679   0.01077   0.07244   0.08868   0.02198
   177/299        0G   0.08174    0.1158   0.02391    0.2214        35       640   0.06017     0.386   0.05679   0.01077   0.07244   0.08868   0.02198
   178/299        0G   0.07836    0.1061   0.02339    0.2078        39       640    0.1611    0.1923   0.05772   0.01193   0.07233   0.08781   0.02218
   179/299        0G   0.07905    0.1343   0.02294    0.2363        24       640    0.1611    0.1923   0.05772   0.01193   0.07233   0.08781   0.02218
   180/299        0G   0.07619    0.1175   0.02325    0.2169        42       640    0.1799    0.1965   0.06231    0.0129   0.07203   0.08766   0.02224
   181/299        0G    0.0805    0.1323   0.02452    0.2373        33       640    0.1799    0.1965   0.06231    0.0129   0.07203   0.08766   0.02224
   182/299        0G   0.07846    0.1145   0.02122    0.2142        64       640    0.1306    0.2645    0.0753   0.01446   0.07192   0.08749   0.02189
   183/299        0G   0.08172    0.1165   0.02001    0.2182        14       640    0.1306    0.2645    0.0753   0.01446   0.07192   0.08749   0.02189
   184/299        0G   0.08544    0.1363   0.02171    0.2435        70       640    0.1306    0.2645    0.0753   0.01446   0.07192   0.08749   0.02189
   185/299        0G   0.07881     0.122   0.02476    0.2256        28       640    0.6349    0.1042    0.0909   0.01752   0.07133   0.08771   0.02181
   186/299        0G   0.08324   0.09291   0.02446    0.2006        41       640    0.6349    0.1042    0.0909   0.01752   0.07133   0.08771   0.02181
   187/299        0G   0.07831    0.1208   0.02468    0.2238        61       640   0.09954     0.318   0.07259   0.01561   0.07125   0.08706    0.0218
   188/299        0G   0.07839    0.1186   0.02203    0.2191        29       640   0.09954     0.318   0.07259   0.01561   0.07125   0.08706    0.0218
   189/299        0G   0.08292    0.1382   0.02407    0.2452        46       640    0.2632    0.1704   0.08123   0.01651   0.07125   0.08869   0.02156
   190/299        0G   0.08661    0.1321   0.02456    0.2433        45       640    0.2632    0.1704   0.08123   0.01651   0.07125   0.08869   0.02156
   191/299        0G   0.08443    0.1078   0.02356    0.2158        29       640    0.2632    0.1704   0.08123   0.01651   0.07125   0.08869   0.02156
   192/299        0G   0.08526    0.1164   0.02289    0.2245        52       640    0.6052    0.1125   0.08575   0.01865   0.07164   0.08998   0.02138
   193/299        0G   0.08291    0.1263   0.02489    0.2341        23       640    0.6052    0.1125   0.08575   0.01865   0.07164   0.08998   0.02138
   194/299        0G   0.08365    0.1155   0.02005    0.2192        34       640    0.6568   0.09138   0.08028   0.01644   0.07193   0.08881   0.02138
   195/299        0G   0.08192    0.1045   0.02091    0.2073        34       640    0.6568   0.09138   0.08028   0.01644   0.07193   0.08881   0.02138
   196/299        0G   0.08198     0.118   0.02319    0.2232        20       640    0.1545    0.1993   0.06515   0.01458     0.072    0.0894   0.02139
   197/299        0G   0.08181    0.1248   0.02123    0.2278        49       640    0.1545    0.1993   0.06515   0.01458     0.072    0.0894   0.02139
   198/299        0G   0.08503    0.1115   0.02158    0.2181        62       640    0.1046    0.2458   0.06049   0.01289   0.07189   0.08664   0.02162
   199/299        0G   0.08383    0.1168   0.02064    0.2212        20       640    0.1046    0.2458   0.06049   0.01289   0.07189   0.08664   0.02162
   200/299        0G   0.08473    0.1326   0.02365    0.2409        86       640    0.1046    0.2458   0.06049   0.01289   0.07189   0.08664   0.02162
   201/299        0G   0.08547    0.1116   0.02288    0.2199        19       640    0.1012    0.2735   0.06215   0.01153     0.072   0.08666   0.02174
   202/299        0G   0.07905    0.1267   0.02186    0.2276        66       640    0.1012    0.2735   0.06215   0.01153     0.072   0.08666   0.02174
   203/299        0G    0.0845    0.1246   0.02302    0.2321        62       640   0.09262    0.2604   0.06465   0.01169   0.07162   0.08588   0.02164
   204/299        0G   0.08264    0.1218    0.0242    0.2286        43       640   0.09262    0.2604   0.06465   0.01169   0.07162   0.08588   0.02164
   205/299        0G    0.0823    0.1376    0.0251     0.245        14       640   0.07181    0.3888   0.06486    0.0125   0.07158   0.08523   0.02117
   206/299        0G   0.08215     0.136   0.02196    0.2402        76       640   0.07181    0.3888   0.06486    0.0125   0.07158   0.08523   0.02117
   207/299        0G   0.08135    0.1135    0.0202    0.2151        49       640   0.07181    0.3888   0.06486    0.0125   0.07158   0.08523   0.02117
   208/299        0G   0.08111    0.1354   0.02166    0.2382        75       640    0.1074    0.2881   0.07406   0.01578    0.0713   0.08574   0.02094
   209/299        0G   0.08341    0.1361   0.02453     0.244        91       640    0.1074    0.2881   0.07406   0.01578    0.0713   0.08574   0.02094
   210/299        0G    0.0787    0.1181   0.02277    0.2195        44       640    0.5881    0.1417   0.07832   0.01576   0.07114   0.08602   0.02058
   211/299        0G   0.07897    0.1305   0.02254     0.232        41       640    0.5881    0.1417   0.07832   0.01576   0.07114   0.08602   0.02058
   212/299        0G   0.07773    0.1054    0.0245    0.2076        42       640    0.6287       0.1   0.07534   0.01511   0.07102   0.08723   0.02008
   213/299        0G   0.08633    0.1337   0.02221    0.2422        25       640    0.6287       0.1   0.07534   0.01511   0.07102   0.08723   0.02008
   214/299        0G   0.08371   0.09325   0.01899    0.1959        54       640    0.6111     0.125   0.06119   0.01175   0.07117   0.08776   0.01985
   215/299        0G   0.07948    0.1259   0.02139    0.2268        88       640    0.6111     0.125   0.06119   0.01175   0.07117   0.08776   0.01985
   216/299        0G   0.08155    0.1107   0.02235    0.2146        36       640    0.6111     0.125   0.06119   0.01175   0.07117   0.08776   0.01985
   217/299        0G   0.08003    0.1036   0.02478    0.2084        37       640     0.603    0.1417   0.06576   0.01177   0.07146   0.08929   0.01954
   218/299        0G   0.07934    0.1282   0.02509    0.2327        71       640     0.603    0.1417   0.06576   0.01177   0.07146   0.08929   0.01954
   219/299        0G   0.08531    0.1291   0.02235    0.2367        46       640      0.59    0.1333   0.06081   0.01068   0.07187   0.08787   0.01954
   220/299        0G   0.08159    0.1008   0.02203    0.2044        41       640      0.59    0.1333   0.06081   0.01068   0.07187   0.08787   0.01954
   221/299        0G    0.0808   0.09468   0.02415    0.1996        24       640    0.5851    0.1292   0.05645   0.01019   0.07161   0.08691   0.02009
   222/299        0G   0.08304    0.1324   0.02187    0.2373        69       640    0.5851    0.1292   0.05645   0.01019   0.07161   0.08691   0.02009
   223/299        0G   0.08001    0.1315   0.02341    0.2349        63       640    0.5851    0.1292   0.05645   0.01019   0.07161   0.08691   0.02009
   224/299        0G   0.07833   0.09834   0.02166    0.1983        38       640    0.5694    0.1167   0.04545  0.007941   0.07191   0.08692   0.02013
   225/299        0G   0.07945    0.1286   0.02166    0.2297        78       640    0.5694    0.1167   0.04545  0.007941   0.07191   0.08692   0.02013
   226/299        0G   0.08449    0.1116   0.01964    0.2158        23       640    0.5685     0.141   0.04822  0.009777   0.07129   0.08714    0.0204
   227/299        0G   0.08271    0.1067   0.02194    0.2114        48       640    0.5685     0.141   0.04822  0.009777   0.07129   0.08714    0.0204
   228/299        0G   0.07787    0.1269   0.02235    0.2271        51       640    0.5795    0.1292   0.04988  0.009464   0.07103   0.08841   0.02073
   229/299        0G   0.08002    0.1123   0.02392    0.2162        55       640    0.5795    0.1292   0.04988  0.009464   0.07103   0.08841   0.02073
   230/299        0G   0.08071    0.1455   0.02406    0.2503        96       640    0.6022       0.1    0.0582   0.01044   0.07124   0.08684   0.02062
   231/299        0G   0.07948    0.1198   0.02159    0.2209        58       640    0.6022       0.1    0.0582   0.01044   0.07124   0.08684   0.02062
   232/299        0G   0.07824      0.11   0.02345    0.2117        71       640    0.6022       0.1    0.0582   0.01044   0.07124   0.08684   0.02062
   233/299        0G   0.08326    0.1302   0.02242    0.2359        73       640    0.5808    0.1167   0.06635   0.01154   0.07117   0.08698   0.02077
   234/299        0G   0.08054    0.1152   0.02033    0.2161        38       640    0.5808    0.1167   0.06635   0.01154   0.07117   0.08698   0.02077
   235/299        0G   0.07493    0.1305   0.02313    0.2285        55       640    0.5815    0.1417   0.07508   0.01315   0.07055   0.08687    0.0208
   236/299        0G   0.08331    0.1474    0.0232    0.2539        88       640    0.5815    0.1417   0.07508   0.01315   0.07055   0.08687    0.0208
   237/299        0G   0.07798    0.1272   0.02186     0.227        34       640   0.09957    0.3172   0.08602   0.01682   0.07002   0.08614   0.02094
   238/299        0G   0.08174    0.1124   0.02282    0.2169        17       640   0.09957    0.3172   0.08602   0.01682   0.07002   0.08614   0.02094
   239/299        0G    0.0796    0.1382     0.023    0.2408        65       640   0.09957    0.3172   0.08602   0.01682   0.07002   0.08614   0.02094
   240/299        0G   0.08014    0.1219   0.02226    0.2243        61       640    0.1245    0.3277   0.09553   0.01726   0.06975   0.08616   0.02096
   241/299        0G   0.08082    0.1065   0.02031    0.2076        73       640    0.1245    0.3277   0.09553   0.01726   0.06975   0.08616   0.02096
   242/299        0G   0.08271    0.1312   0.02228    0.2362        53       640     0.173    0.3006     0.101   0.01976   0.06954   0.08628     0.021
   243/299        0G   0.08134    0.1001   0.02363     0.205        52       640     0.173    0.3006     0.101   0.01976   0.06954   0.08628     0.021
   244/299        0G   0.07907    0.1384   0.02136    0.2388        80       640    0.1603    0.3284      0.11   0.02243   0.06925   0.08643   0.02112
   245/299        0G   0.08465    0.1034   0.02213    0.2102        39       640    0.1603    0.3284      0.11   0.02243   0.06925   0.08643   0.02112
   246/299        0G   0.08156    0.1365   0.02136    0.2394        43       640    0.1821    0.3735    0.1248   0.02668   0.06926    0.0863    0.0211
   247/299        0G   0.07992      0.11   0.02382    0.2138        45       640    0.1821    0.3735    0.1248   0.02668   0.06926    0.0863    0.0211
   248/299        0G   0.07841     0.117   0.02224    0.2176        45       640    0.1821    0.3735    0.1248   0.02668   0.06926    0.0863    0.0211
   249/299        0G   0.07443    0.1163   0.02242    0.2131        51       640    0.1601    0.4068    0.1234   0.02668   0.06934   0.08633   0.02084
   250/299        0G   0.07721    0.1248   0.02032    0.2223        56       640    0.1601    0.4068    0.1234   0.02668   0.06934   0.08633   0.02084
   251/299        0G   0.08125     0.128   0.02304    0.2323        60       640     0.157    0.4497    0.1259   0.02525   0.06965   0.08657   0.02057
   252/299        0G   0.08338    0.1224   0.02113    0.2269        43       640     0.157    0.4497    0.1259   0.02525   0.06965   0.08657   0.02057
   253/299        0G   0.07732    0.1047   0.02324    0.2052        34       640     0.152    0.4102    0.1254   0.02465   0.07002   0.08618   0.02038
   254/299        0G   0.08028    0.1035   0.02094    0.2047        30       640     0.152    0.4102    0.1254   0.02465   0.07002   0.08618   0.02038
   255/299        0G   0.07624    0.1219   0.02156    0.2197        50       640     0.152    0.4102    0.1254   0.02465   0.07002   0.08618   0.02038
   256/299        0G   0.08097    0.1072   0.02006    0.2082        41       640     0.163    0.4019    0.1188   0.02506   0.07017   0.08596   0.02016
   257/299        0G   0.07834    0.1164   0.02352    0.2183        73       640     0.163    0.4019    0.1188   0.02506   0.07017   0.08596   0.02016
   258/299        0G   0.08023    0.1113   0.02101    0.2125        33       640    0.1468    0.3816    0.1206   0.02395   0.07042   0.08573   0.01995
   259/299        0G   0.07922     0.125   0.02222    0.2265        48       640    0.1468    0.3816    0.1206   0.02395   0.07042   0.08573   0.01995
   260/299        0G   0.07791    0.1184    0.0219    0.2182        27       640    0.1408    0.4094    0.1215   0.02371   0.07031   0.08609   0.01966
   261/299        0G   0.07899    0.1092   0.02068    0.2089        77       640    0.1408    0.4094    0.1215   0.02371   0.07031   0.08609   0.01966
   262/299        0G   0.08471    0.1167    0.0242    0.2256        37       640    0.1638    0.4068    0.1239   0.02472   0.07079   0.08517   0.01949
   263/299        0G   0.07877     0.108   0.02136    0.2082        28       640    0.1638    0.4068    0.1239   0.02472   0.07079   0.08517   0.01949
   264/299        0G   0.08026    0.1098   0.02098     0.211        43       640    0.1638    0.4068    0.1239   0.02472   0.07079   0.08517   0.01949
   265/299        0G    0.0833    0.1377   0.02195    0.2429        66       640    0.1449    0.4574    0.1275   0.02445   0.07143   0.08485   0.01935
   266/299        0G   0.08127    0.1224   0.02101    0.2247        32       640    0.1449    0.4574    0.1275   0.02445   0.07143   0.08485   0.01935
   267/299        0G   0.07538    0.1281   0.01955     0.223        81       640    0.1359    0.4734    0.1359   0.02453   0.07183   0.08357   0.01913
   268/299        0G   0.07925    0.1178   0.02041    0.2174        47       640    0.1359    0.4734    0.1359   0.02453   0.07183   0.08357   0.01913
   269/299        0G   0.07794    0.1002   0.01814    0.1963        27       640    0.1388    0.4533    0.1479   0.02813     0.071   0.08304   0.01894
   270/299        0G   0.07962    0.1186   0.02132    0.2195        52       640    0.1388    0.4533    0.1479   0.02813     0.071   0.08304   0.01894
   271/299        0G   0.07801     0.137   0.02136    0.2363        89       640    0.1388    0.4533    0.1479   0.02813     0.071   0.08304   0.01894
   272/299        0G   0.07872    0.1532    0.0223    0.2542        65       640    0.1118    0.5074    0.1344   0.02859   0.07089   0.08284    0.0187
   273/299        0G   0.07527    0.1171   0.02003    0.2124        31       640    0.1118    0.5074    0.1344   0.02859   0.07089   0.08284    0.0187
   274/299        0G   0.08165    0.1032   0.02192    0.2068        79       640     0.133    0.4207    0.1156   0.02475   0.07071   0.08273   0.01877
   275/299        0G    0.0811    0.1169   0.02173    0.2198        61       640     0.133    0.4207    0.1156   0.02475   0.07071   0.08273   0.01877
   276/299        0G   0.07877    0.1095   0.02309    0.2113        29       640     0.106    0.4443    0.1024   0.02027   0.07089     0.083   0.01884
   277/299        0G    0.0793    0.1382   0.02208    0.2396        65       640     0.106    0.4443    0.1024   0.02027   0.07089     0.083   0.01884
   278/299        0G   0.07668    0.1109   0.02062    0.2082        40       640   0.09411    0.4263    0.1093   0.02106   0.07056   0.08331   0.01892
   279/299        0G   0.07712    0.1228   0.02095    0.2208        81       640   0.09411    0.4263    0.1093   0.02106   0.07056   0.08331   0.01892
   280/299        0G   0.07734     0.116   0.02069    0.2141        30       640   0.09411    0.4263    0.1093   0.02106   0.07056   0.08331   0.01892
   281/299        0G   0.07838    0.1123   0.01851    0.2092        28       640    0.1121    0.3235    0.1084   0.02043   0.07091   0.08286   0.01889
   282/299        0G   0.07479    0.1099   0.02083    0.2055        37       640    0.1121    0.3235    0.1084   0.02043   0.07091   0.08286   0.01889
   283/299        0G   0.07916    0.1389   0.02016    0.2382        68       640   0.09785    0.4748    0.1195   0.02425   0.07064   0.08273   0.01858
   284/299        0G    0.0824    0.1372   0.02106    0.2406        82       640   0.09785    0.4748    0.1195   0.02425   0.07064   0.08273   0.01858
   285/299        0G    0.0798    0.1213   0.02297    0.2241        38       640    0.1054    0.4475    0.1267   0.02542   0.06991   0.08303   0.01867
   286/299        0G    0.0796    0.1343   0.02145    0.2354        44       640    0.1054    0.4475    0.1267   0.02542   0.06991   0.08303   0.01867
   287/299        0G   0.08014    0.1198   0.01904     0.219        40       640    0.1054    0.4475    0.1267   0.02542   0.06991   0.08303   0.01867
   288/299        0G   0.07872    0.1078   0.02187    0.2084        50       640    0.1281    0.4651    0.1345   0.02732    0.0692   0.08376   0.01867
   289/299        0G   0.07943    0.1247   0.02812    0.2323        76       640    0.1281    0.4651    0.1345   0.02732    0.0692   0.08376   0.01867
   290/299        0G   0.08011    0.1266   0.02045    0.2272        62       640    0.1369    0.4859    0.1579   0.03158   0.06964   0.08348   0.01845
   291/299        0G   0.07956    0.1219   0.02037    0.2218        45       640    0.1369    0.4859    0.1579   0.03158   0.06964   0.08348   0.01845
   292/299        0G   0.08213    0.1198   0.02058    0.2225        29       640    0.1453    0.4616    0.1508   0.02721   0.07029   0.08337   0.01796
   293/299        0G   0.07878    0.1229   0.02198    0.2237        53       640    0.1453    0.4616    0.1508   0.02721   0.07029   0.08337   0.01796
   294/299        0G   0.07692     0.114   0.02049    0.2114        30       640    0.1704    0.4803    0.1646   0.03325   0.06992   0.08326   0.01782
   295/299        0G   0.08111    0.1111   0.02003    0.2122        52       640    0.1704    0.4803    0.1646   0.03325   0.06992   0.08326   0.01782
   296/299        0G   0.08191     0.116   0.01969    0.2176        55       640    0.1704    0.4803    0.1646   0.03325   0.06992   0.08326   0.01782
   297/299        0G   0.07614    0.1286   0.01859    0.2234        48       640    0.1991    0.4782    0.1856   0.03797   0.06929   0.08419   0.01767
   298/299        0G   0.07974     0.102   0.02185    0.2036        59       640    0.1991    0.4782    0.1856   0.03797   0.06929   0.08419   0.01767
   299/299        0G   0.07964    0.1236   0.02007    0.2234        78       640    0.1597    0.5143    0.1785   0.03894   0.06937    0.0839   0.01753
